299
13 3 10
7 6 7
17 7 1
21 11 1
13 12 12
22 21 7
23 22 12
126 26 9
37 27 1
38 28 10
30 29 7
132 32 9
43 33 10
49 39 1
51 41 1
142 42 9
146 46 9
52 51 7
54 53 12
55 54 7
156 56 9
60 59 7
71 61 1
72 62 1
65 64 7
81 71 1
172 72 9
75 74 7
176 76 9
87 77 1
88 78 10
90 80 1
82 81 7
100 90 1
95 94 7
97 96 7
196 96 9
200 100 9
208 108 9
124 114 10
218 118 9
132 122 10
134 124 10
224 124 9
138 128 10
146 136 10
242 142 9
248 148 9
162 152 10
164 154 10
258 158 9
186 176 10
276 176 9
284 184 9
286 186 9
200 190 10
290 190 9
213 203 1
215 214 12
225 215 9
226 216 1
225 224 7
232 231 12
37 231 10
237 236 7
246 236 1
238 237 7
247 237 1
246 245 7
247 246 7
250 249 12
264 254 1
268 258 1
264 263 7
174 265 9
276 266 1
279 269 10
282 272 1
284 274 1
48 276 9
289 279 10
287 286 7
109 286 9
299 289 10
120 291 9
245 293 10
295 294 7
273 85 10
159 78 10
177 160 9
67 111 10
223 120 10
276 85 9
137 144 10
215 31 10
76 19 10
184 111 10
138 71 9
92 218 10
150 105 9
202 253 10
87 128 10
106 250 1
121 201 7
101 275 7
277 203 1
237 217 12
210 182 9
86 103 7
133 56 1
154 19 1
187 221 9
262 5 10
125 260 7
92 161 10
245 182 9
117 131 1
278 15 1
100 27 10
144 37 12
298 188 1
266 227 12
260 243 9
81 94 7
58 282 1
256 106 9
14 236 1
296 129 9
33 226 1
275 273 12
156 157 1
186 282 10
139 29 1
19 10 12
123 79 9
143 273 12
2 297 1
225 20 9
86 109 9
141 100 1
296 239 1
221 32 10
20 253 12
193 153 9
179 100 10
65 116 10
269 161 10
133 9 10
56 124 9
23 80 7
72 87 1
126 144 7
291 9 7
276 168 7
226 278 1
198 101 7
224 104 1
77 194 1
152 288 12
193 180 7
102 77 1
33 92 12
33 290 12
42 216 10
52 35 7
21 210 1
284 105 7
267 95 12
46 153 1
282 296 1
293 220 12
205 159 1
26 30 9
136 237 7
243 154 1
115 107 1
129 255 12
292 223 10
0 143 12
82 149 7
270 58 7
91 297 10
262 238 10
5 101 10
154 222 9
80 204 10
50 135 9
69 134 7
240 78 12
122 222 10
85 180 9
77 167 9
182 162 1
166 103 7
223 100 7
7 211 1
295 21 1
228 81 12
294 287 1
253 75 7
35 75 10
236 21 12
37 275 7
239 278 1
31 1 12
47 77 7
136 269 1
124 45 7
87 91 12
196 255 1
249 299 7
24 20 1
18 277 1
12 194 9
173 242 9
6 277 1
284 242 9
197 178 1
30 100 1
67 53 1
291 86 12
81 153 12
73 129 12
32 297 1
170 14 10
286 139 1
133 281 10
20 5 10
12 124 9
241 226 7
257 21 10
76 236 10
147 292 13
284 219 13
222 281 13
