1000
1 130 5
1 274 2
1 534 9
1 831 2
1 913 9
2 273 6
2 724 6
2 743 7
2 757 8
2 791 5
2 924 7
3 213 10
3 282 4
3 329 7
3 420 6
3 496 10
3 641 10
3 817 2
4 115 1
4 131 2
4 238 2
4 255 6
4 280 7
4 285 4
4 607 2
4 790 4
5 12 7
5 66 1
5 142 6
5 196 7
5 291 6
5 425 1
5 573 1
6 57 9
6 74 9
6 133 3
6 147 3
6 236 7
6 482 6
6 484 1
6 553 4
6 639 8
6 686 3
6 721 3
6 746 4
7 52 5
7 200 5
7 310 7
7 363 5
7 483 9
7 589 9
7 832 1
7 844 2
7 875 8
8 109 7
8 235 1
8 279 2
8 327 8
8 336 7
8 426 7
8 436 10
8 462 10
9 171 1
9 220 9
9 345 2
9 407 1
9 507 6
9 542 2
9 749 3
9 757 8
9 923 8
10 115 7
10 209 8
10 588 3
10 705 3
10 854 8
11 41 7
11 152 1
11 170 3
11 309 9
11 495 7
11 546 5
11 569 8
11 610 5
11 727 1
11 776 6
11 816 1
11 838 6
11 959 5
11 972 10
11 986 9
12 355 1
12 394 7
12 697 7
12 755 3
12 784 6
12 788 10
12 895 6
12 899 10
12 900 1
12 945 7
12 974 2
13 53 2
13 64 4
13 148 3
13 161 4
13 191 7
13 320 5
13 383 3
13 483 8
13 598 1
13 727 9
13 780 4
13 887 2
13 902 1
13 975 9
14 14 3
14 47 6
14 125 7
14 134 4
14 164 6
14 188 5
14 226 10
14 269 10
14 325 8
14 529 1
14 530 4
14 726 10
14 820 4
14 859 3
14 890 2
15 19 8
15 57 5
15 115 3
15 173 4
15 265 3
15 352 6
15 641 1
15 976 7
16 200 1
16 234 9
16 304 5
16 469 1
16 518 10
16 562 4
16 653 4
16 675 1
16 764 1
16 767 2
16 877 1
16 888 4
17 225 10
17 279 9
17 464 2
17 495 6
17 734 2
17 825 2
18 196 6
18 367 2
18 417 4
18 553 5
18 697 1
18 867 4
18 917 5
19 340 7
19 358 1
19 633 8
19 670 7
19 724 4
19 928 10
20 141 3
20 166 3
20 179 2
20 460 9
20 525 2
21 161 5
21 232 3
21 338 2
21 411 2
21 595 3
21 659 2
22 114 1
22 115 7
22 156 10
22 224 9
22 226 6
22 607 4
22 618 3
22 637 9
22 671 4
22 760 9
22 789 7
22 821 4
22 888 6
22 920 6
23 382 9
23 439 8
23 546 10
23 627 4
23 646 6
23 662 5
23 688 2
23 825 10
24 7 4
24 142 2
24 183 6
24 246 5
24 259 2
24 412 5
24 434 4
24 525 1
24 840 3
25 149 7
25 275 10
25 330 10
25 391 6
25 396 5
25 489 7
25 582 4
25 822 10
25 856 7
25 911 5
25 990 5
25 1000 3
26 349 6
26 574 1
26 608 3
26 720 2
26 938 5
27 29 7
27 34 8
27 528 7
27 545 5
27 672 1
28 157 7
28 512 4
28 559 6
28 772 1
28 840 5
28 874 7
29 58 6
29 195 2
29 198 2
29 253 10
29 493 2
29 503 1
29 546 1
29 660 1
29 776 1
29 919 2
29 941 2
29 998 9
30 93 1
30 166 5
30 244 3
30 349 4
30 402 6
30 412 8
30 440 4
30 535 6
30 563 6
30 754 4
30 800 7
30 835 10
30 885 7
31 9 3
31 58 5
31 132 2
31 208 9
31 212 5
31 243 9
31 288 1
31 318 5
31 373 6
31 465 7
31 537 2
31 587 1
31 626 10
31 822 8
31 837 9
31 858 10
31 930 5
32 28 5
32 68 2
32 321 3
32 331 9
32 405 3
32 805 3
32 828 7
32 901 4
33 237 2
33 319 9
33 625 4
33 817 10
33 898 8
34 31 2
34 101 4
34 315 9
34 316 10
34 431 9
34 654 7
34 757 1
34 996 10
35 10 10
35 168 10
35 169 2
35 212 9
35 216 2
35 626 5
35 634 2
36 62 3
36 686 3
36 702 10
36 799 7
36 814 9
36 822 7
36 872 8
37 33 8
37 211 8
37 237 2
37 262 3
37 366 8
37 476 9
37 863 6
37 867 1
37 920 5
37 983 3
38 22 4
38 436 3
38 694 1
38 891 1
39 3 4
39 25 10
39 176 3
39 264 1
39 366 10
39 648 1
39 934 7
40 678 6
40 859 8
40 889 10
41 214 10
41 244 8
41 685 5
41 839 6
41 906 5
41 914 1
41 986 8
42 46 3
42 87 5
42 113 8
42 409 4
42 428 4
42 548 3
42 575 5
42 621 5
42 699 1
42 762 4
42 779 1
43 64 7
43 78 10
43 233 6
43 306 1
43 457 4
43 786 5
43 878 2
43 976 9
43 997 5
44 101 10
44 157 3
44 217 1
44 226 5
44 280 2
44 362 1
44 440 2
44 589 6
44 662 6
44 721 9
44 798 3
45 146 6
45 212 9
45 375 3
45 381 8
45 510 8
45 532 3
45 644 5
45 670 5
45 787 4
45 865 6
45 982 3
46 107 8
46 179 9
46 377 7
46 505 6
46 620 6
46 652 10
46 824 8
47 45 5
47 188 5
47 330 6
47 401 3
47 558 10
47 744 1
47 899 8
48 471 7
48 528 5
48 606 4
48 699 7
48 783 10
48 914 7
48 941 3
48 963 9
49 175 8
49 217 3
49 321 5
49 427 8
49 489 5
49 522 10
49 715 4
49 930 1
50 51 1
50 525 6
50 532 5
50 736 4
50 837 5
50 844 9
50 880 7
50 968 2
51 89 8
51 316 5
51 437 6
51 473 8
51 583 4
51 612 7
51 973 6
52 113 2
52 388 1
52 665 4
52 956 4
53 463 10
53 479 7
53 483 8
53 550 1
53 553 10
53 646 6
53 859 4
53 880 8
54 290 4
54 473 10
54 484 4
54 618 2
54 643 6
54 680 8
54 992 5
55 6 5
55 332 4
56 22 6
56 85 4
56 103 2
56 493 4
56 552 4
56 605 5
56 720 10
57 142 4
57 195 6
57 226 5
57 227 7
57 269 9
57 340 3
57 662 1
58 341 9
58 350 1
58 371 7
58 387 3
58 445 2
58 592 10
58 710 4
58 779 10
59 213 9
59 391 6
59 398 2
59 825 4
60 16 6
60 450 3
60 459 10
60 539 1
60 561 2
60 801 8
60 897 4
60 950 4
61 52 1
61 55 6
61 226 3
61 228 9
61 393 4
61 736 2
62 284 8
62 394 10
62 609 5
62 814 10
63 46 8
63 58 4
63 182 5
63 364 6
63 611 3
63 616 9
63 869 8
64 77 7
64 223 1
64 250 8
64 320 5
64 346 3
64 411 3
64 454 5
64 487 4
64 638 2
64 912 6
64 951 9
65 92 5
65 161 10
65 259 3
65 277 9
65 329 7
65 456 7
65 478 10
65 593 6
65 662 1
65 693 6
65 802 4
66 388 2
66 683 2
66 862 8
66 865 9
66 872 2
66 974 4
66 1000 6
67 160 9
67 172 5
67 275 4
67 317 9
67 452 8
67 587 9
67 679 3
67 700 10
67 806 8
67 879 6
67 955 10
67 981 7
68 61 2
68 244 10
68 250 6
68 273 1
68 290 5
68 478 9
68 557 1
68 636 3
68 758 8
69 24 6
69 90 10
69 194 1
69 277 6
69 517 5
69 707 7
69 720 8
69 769 1
69 844 6
70 250 2
71 11 1
71 81 10
71 97 10
71 233 10
71 260 10
71 299 3
71 349 8
71 481 3
71 691 7
71 751 3
71 862 10
71 869 6
72 38 9
72 46 2
72 83 4
72 192 3
72 214 3
72 360 8
72 633 8
72 643 6
72 935 8
72 986 7
73 195 1
73 418 6
73 427 10
73 569 4
73 575 7
73 626 7
73 657 4
74 174 5
74 241 10
74 407 10
74 837 4
74 981 4
75 100 1
75 235 5
75 371 2
75 372 5
75 443 1
75 460 5
75 736 2
75 816 4
75 839 7
75 890 2
76 312 4
76 368 8
76 496 2
76 590 7
76 617 4
76 690 7
76 709 1
76 895 5
76 913 3
76 940 6
76 990 9
76 999 1
77 279 10
77 369 7
77 502 6
77 572 3
77 584 2
78 8 7
78 81 10
78 131 6
78 365 5
78 381 10
78 593 4
78 646 8
78 713 5
78 737 10
78 749 3
78 797 9
78 865 9
78 874 7
78 936 5
78 972 9
78 975 2
79 41 10
79 138 4
79 451 1
79 757 3
79 851 1
80 21 6
80 171 4
80 220 8
80 382 5
80 410 2
80 797 7
80 815 5
80 818 10
80 892 1
80 950 3
81 461 3
81 476 6
81 492 7
81 551 1
81 675 9
81 733 10
81 996 3
82 46 9
82 63 6
82 87 3
82 173 3
82 270 2
82 494 4
82 572 5
82 674 1
82 690 9
82 769 3
82 831 4
83 42 1
83 52 6
83 154 7
83 320 3
83 636 10
83 858 1
83 863 2
84 101 3
84 145 5
84 413 3
84 547 8
85 27 1
85 42 10
85 305 6
85 365 6
85 439 1
85 728 8
86 312 7
86 393 5
86 515 6
86 709 3
86 731 9
87 103 10
87 184 9
87 196 10
87 218 10
87 265 6
87 698 6
87 752 10
87 796 10
87 853 4
87 898 10
88 40 9
88 67 4
88 128 9
88 397 6
88 431 2
88 512 6
88 772 1
88 840 3
88 980 1
89 41 6
89 137 4
89 140 3
89 378 1
89 395 5
89 425 7
89 532 5
89 568 10
89 615 6
89 948 10
89 952 6
89 973 4
90 99 8
90 336 6
90 340 1
90 371 2
90 392 9
90 553 1
90 704 9
90 965 7
91 70 7
91 247 10
91 318 1
91 427 10
91 701 10
91 702 6
91 704 2
91 721 6
92 14 7
92 27 5
92 28 2
92 39 10
92 149 7
92 272 5
92 356 10
92 490 4
92 508 3
92 598 10
92 770 10
92 830 6
93 13 5
93 157 2
93 180 9
93 318 10
93 343 10
93 459 10
93 543 2
93 707 10
93 995 7
94 78 1
94 282 1
94 441 1
94 716 4
94 746 5
94 953 8
95 7 7
95 19 6
95 61 1
95 150 8
95 191 3
95 211 8
95 350 5
95 460 3
95 466 2
95 571 10
95 624 4
95 669 4
95 756 7
95 984 2
96 122 9
96 239 1
96 300 9
96 535 3
96 803 4
97 18 8
97 125 10
97 169 10
97 403 10
97 444 9
97 551 8
97 694 4
97 739 2
97 956 10
98 121 6
98 237 3
98 249 8
98 565 3
98 918 2
98 964 5
99 96 4
99 230 3
99 560 9
99 836 8
99 975 6
99 985 8
99 999 3
100 89 3
100 106 7
100 415 4
100 836 3
101 9 1
101 79 4
101 183 1
101 415 3
101 528 7
101 613 3
102 38 4
102 57 1
102 239 10
102 351 2
102 353 4
102 392 2
102 443 5
102 481 5
102 507 5
102 813 7
103 20 9
103 719 7
103 834 9
103 944 1
103 982 8
104 20 8
104 189 10
104 409 3
104 468 7
104 588 4
104 626 2
104 648 9
104 711 10
104 895 3
104 998 2
105 306 7
105 349 6
105 376 2
105 512 9
105 562 10
105 777 9
105 908 4
106 100 10
106 183 6
106 246 10
106 269 9
106 344 3
106 362 8
106 387 8
106 792 2
106 967 10
107 4 6
107 164 8
107 229 10
107 270 9
107 282 6
107 290 3
107 529 8
107 798 5
107 805 9
107 861 3
107 943 1
108 114 1
108 171 3
108 282 4
108 329 3
108 345 3
108 478 6
108 482 8
108 678 5
109 86 3
109 326 10
109 494 6
109 690 2
110 202 6
110 419 1
110 551 7
110 762 8
110 791 8
110 848 5
111 100 3
111 546 3
111 749 4
112 518 4
112 647 1
112 738 5
112 777 8
112 976 3
112 977 1
113 55 9
113 490 1
113 544 9
113 753 7
113 766 6
114 82 5
114 247 5
114 296 3
114 390 6
114 401 9
114 435 6
114 488 3
114 845 10
115 68 2
115 159 10
115 264 3
115 358 2
115 761 9
115 826 8
115 919 2
115 955 5
116 98 10
116 103 4
116 164 8
116 545 5
116 769 1
117 136 9
117 213 9
117 351 8
117 553 9
117 735 7
117 772 3
117 824 8
117 848 4
118 47 2
118 258 10
118 377 7
118 381 1
118 442 3
118 473 3
118 843 6
119 8 10
119 77 7
119 138 7
119 158 4
119 367 2
119 455 1
119 472 10
119 526 4
119 567 6
119 670 3
119 802 10
119 809 9
119 885 8
120 131 10
120 182 5
120 743 6
120 765 9
120 1000 2
121 98 9
121 255 1
121 313 8
121 382 7
121 784 10
121 825 1
121 948 10
121 953 10
122 11 3
122 52 8
122 178 1
122 180 5
122 206 2
122 213 5
122 266 1
122 276 8
122 375 1
122 522 5
122 768 6
122 944 3
123 26 6
123 70 1
123 245 5
123 315 9
123 530 6
123 608 8
123 693 10
123 793 8
123 876 9
123 891 4
124 17 3
124 85 9
124 93 6
124 178 8
124 261 7
124 403 4
124 446 10
124 616 8
125 93 9
125 286 6
125 380 8
125 541 10
125 704 2
126 5 10
126 155 7
126 360 7
126 382 9
126 521 10
126 581 8
126 652 2
126 833 9
126 877 10
126 928 4
127 85 1
127 106 8
127 197 10
127 275 6
127 364 3
127 651 8
127 763 5
127 798 3
127 908 10
128 20 8
128 26 1
128 211 3
128 451 10
128 732 2
128 753 9
128 825 4
128 915 9
129 44 3
129 239 4
129 257 6
129 326 4
129 344 2
129 453 8
129 576 8
129 860 9
129 875 4
130 245 5
130 496 8
131 19 2
131 202 7
131 326 10
131 524 9
131 693 8
132 56 6
132 345 4
132 468 8
132 595 1
132 680 8
132 762 4
132 894 10
132 968 5
133 18 10
133 207 2
133 260 7
133 359 7
133 511 6
133 518 9
133 533 6
133 538 3
133 649 7
133 659 7
133 964 8
134 205 5
134 237 5
134 259 4
134 356 9
134 450 1
134 593 5
134 622 2
134 693 6
135 113 8
135 234 6
135 307 9
135 393 10
135 637 8
135 711 8
135 854 8
135 941 8
136 68 5
136 92 7
136 193 3
136 203 7
136 421 5
136 473 10
136 525 1
136 629 9
136 665 2
137 97 9
137 159 7
137 251 9
137 254 9
137 309 6
137 452 4
137 556 7
137 686 5
137 696 8
137 751 10
137 882 3
137 963 5
138 418 6
138 671 6
138 911 2
139 2 3
139 34 8
139 55 4
139 95 2
139 310 2
139 449 10
139 453 1
139 481 7
139 549 10
139 616 9
139 770 8
139 983 4
139 990 1
139 992 6
140 59 8
140 913 9
141 394 8
141 397 4
141 528 8
141 846 5
141 848 3
142 96 3
142 223 9
142 557 9
142 675 2
142 899 4
143 98 6
143 220 3
143 344 6
143 522 7
143 647 5
143 897 4
143 966 5
144 38 6
144 312 10
144 366 3
144 379 5
144 490 5
144 837 8
144 918 10
145 97 6
145 257 10
145 329 6
145 624 8
145 866 1
145 883 4
145 923 2
145 943 1
146 266 2
146 498 4
146 567 10
146 756 10
146 802 10
146 911 10
147 366 2
147 371 3
147 455 1
147 713 6
147 806 9
148 156 8
148 362 10
148 498 4
149 65 9
149 167 1
149 200 10
149 384 5
149 858 4
150 68 4
150 87 7
150 366 4
150 416 8
150 420 9
150 539 5
150 605 6
150 842 8
150 847 2
150 883 7
150 909 1
151 2 2
151 5 1
151 90 9
151 254 7
151 335 8
151 604 7
151 884 3
151 909 7
151 989 2
152 1 9
152 214 3
152 636 3
152 775 9
152 780 2
152 784 8
152 993 6
153 3 10
153 402 10
153 472 1
153 788 10
153 799 1
154 41 10
154 63 10
154 427 9
154 541 10
154 988 1
155 13 4
155 182 2
155 248 7
155 486 8
155 558 9
155 609 5
155 632 5
155 868 4
155 949 9
156 123 7
156 236 8
156 297 10
156 437 7
156 471 5
156 480 7
156 506 7
156 679 6
156 766 5
156 875 4
156 967 1
156 997 2
157 1 4
157 353 7
157 381 3
157 426 1
157 504 4
157 662 2
157 794 3
157 825 7
157 835 1
157 963 1
158 139 3
158 283 3
158 420 4
158 867 1
158 924 4
158 938 9
158 989 6
159 156 6
159 336 8
159 415 10
159 544 2
159 919 10
160 60 3
160 125 8
160 321 4
160 339 10
160 345 5
160 588 8
160 596 7
160 627 7
160 698 7
160 705 4
160 843 5
161 9 1
161 90 3
161 140 10
161 194 7
161 387 1
161 433 4
161 546 9
161 568 8
161 586 9
161 742 3
161 755 5
161 931 3
162 111 5
162 148 6
162 199 7
162 305 10
162 381 9
162 571 2
162 596 6
162 808 6
162 902 4
162 976 6
163 43 6
163 250 9
163 339 2
163 468 8
163 510 3
163 625 1
164 122 1
164 175 1
164 347 1
164 411 2
164 677 1
164 704 3
164 723 4
165 32 3
165 240 1
165 543 5
165 650 6
165 664 10
165 747 3
165 817 1
166 36 5
166 128 9
166 285 6
166 462 3
166 473 10
166 585 3
166 702 8
166 716 8
166 754 1
166 758 7
166 894 1
167 294 10
167 352 1
167 710 2
167 904 8
167 907 6
167 935 8
167 988 6
168 47 8
168 150 5
168 199 10
168 373 2
168 418 4
168 427 1
168 434 1
168 437 3
168 513 10
168 685 9
168 747 3
168 860 9
168 885 9
168 894 10
168 966 7
169 33 4
169 336 1
169 427 6
169 448 9
169 551 3
169 899 2
169 950 6
170 118 6
170 146 9
170 159 10
170 181 4
170 285 6
170 430 3
170 465 2
170 761 9
170 836 4
170 915 4
171 18 5
171 76 1
171 252 10
171 267 3
171 272 7
171 305 7
171 436 3
171 492 8
171 628 8
171 814 4
172 114 2
172 132 5
172 418 3
172 476 3
172 582 10
172 740 3
172 905 9
172 944 10
172 973 1
173 43 10
173 108 10
173 497 8
173 684 8
173 958 9
174 297 6
174 507 2
174 644 4
174 732 8
174 783 4
174 834 9
174 953 6
174 973 5
175 2 6
175 4 9
175 42 8
175 154 3
175 162 7
175 167 4
175 264 3
175 297 7
175 622 1
175 662 7
175 705 4
175 712 2
175 890 10
176 186 7
176 252 1
176 947 9
177 101 6
177 147 4
177 186 3
177 336 9
177 484 2
177 522 7
177 536 8
177 565 1
177 631 4
177 656 5
178 22 2
178 25 2
178 73 6
178 289 4
178 786 10
178 892 4
178 905 10
178 946 3
178 983 8
178 994 2
179 186 7
179 373 4
179 518 3
179 543 9
179 678 10
179 687 2
179 717 3
179 740 4
179 803 7
179 840 9
179 870 6
180 125 3
180 440 1
180 476 2
180 491 3
180 545 7
180 610 7
180 756 9
180 764 5
180 863 2
180 885 2
181 123 3
181 148 9
181 166 9
181 168 7
181 233 7
181 404 1
181 495 1
181 549 5
181 594 1
181 702 5
181 861 8
182 13 10
182 15 10
182 66 10
182 86 4
182 151 6
182 174 8
182 179 2
182 297 3
182 339 4
182 345 2
182 460 9
182 808 1
182 953 10
183 160 8
183 217 7
183 321 7
183 395 8
183 470 1
183 819 1
184 119 5
184 211 4
184 259 6
184 268 6
184 312 2
184 331 5
184 423 5
184 775 2
184 779 5
184 915 3
185 25 5
185 76 6
185 107 8
185 190 2
185 232 9
185 326 7
185 364 4
185 367 3
185 468 1
185 836 7
185 855 4
185 911 6
186 60 5
186 87 1
186 235 3
186 371 9
186 382 5
186 443 2
186 534 3
186 535 10
186 803 4
186 811 6
187 63 10
187 96 3
187 185 2
187 299 3
187 387 4
187 398 1
187 480 1
187 707 9
187 763 4
187 790 8
187 877 4
187 898 10
187 947 8
187 970 2
188 99 8
188 307 5
188 429 7
188 599 9
188 738 10
188 777 7
188 989 5
189 329 6
189 476 5
189 562 3
189 585 9
189 604 4
189 662 1
189 723 4
189 858 7
190 78 7
190 262 6
190 392 7
190 455 2
190 618 7
190 886 7
190 960 1
190 971 10
190 992 10
191 107 4
191 578 8
191 587 8
191 765 4
191 799 5
191 853 9
191 875 5
192 133 5
192 393 5
192 448 8
192 722 2
193 145 7
193 253 9
193 258 8
193 439 5
193 522 2
193 531 9
193 731 9
193 832 6
193 939 1
194 209 9
194 341 9
194 396 9
194 624 5
194 955 4
195 182 9
195 312 4
195 412 2
195 451 1
195 484 3
195 515 8
195 581 7
195 669 6
195 727 4
195 761 4
195 904 4
196 448 9
196 507 9
196 568 2
196 715 2
196 724 4
197 23 5
197 243 10
197 432 5
197 508 2
197 617 2
197 686 9
198 89 3
198 138 1
198 190 9
198 265 8
198 472 9
198 608 2
198 705 1
198 816 4
198 927 4
198 942 3
199 79 1
199 103 4
199 189 7
199 198 1
199 213 1
199 447 1
199 583 6
199 595 7
199 613 4
199 660 10
199 678 2
199 958 5
200 43 2
200 153 7
201 77 1
201 94 1
201 181 1
201 430 1
201 533 4
201 625 7
202 19 6
202 216 3
202 280 4
202 351 9
202 672 9
202 773 7
202 831 8
202 858 5
202 909 10
203 193 7
203 420 4
203 430 4
203 482 2
203 505 2
203 653 1
203 763 9
203 863 10
203 936 3
203 990 6
204 101 8
204 391 1
204 403 4
204 448 6
204 703 6
204 850 1
204 857 2
205 52 10
205 61 8
205 155 2
205 379 3
205 394 5
205 529 2
205 680 4
205 794 3
205 998 5
206 7 1
206 93 4
206 205 9
206 254 4
206 376 10
206 471 9
206 475 4
206 536 2
206 614 4
206 748 9
206 861 5
206 899 5
207 62 5
207 68 2
207 211 6
207 359 5
207 446 3
207 554 2
207 574 4
207 782 3
207 834 5
207 999 10
208 474 10
208 502 7
208 599 3
208 633 1
208 756 6
209 8 6
209 16 1
209 50 7
209 64 7
209 98 10
209 99 5
209 208 5
209 218 6
209 265 10
209 475 3
209 632 4
209 814 4
210 94 6
210 163 1
210 232 1
210 374 9
210 399 5
210 473 2
210 823 9
210 838 9
210 897 8
210 932 3
210 951 2
211 211 4
211 324 6
211 514 8
211 558 8
211 574 3
211 742 2
212 25 9
212 90 6
212 183 4
212 237 2
212 435 10
212 437 10
212 446 6
212 492 4
212 740 3
213 49 9
213 287 4
213 510 5
213 587 8
213 963 8
213 988 7
214 20 8
214 82 7
214 115 5
214 228 10
214 385 3
214 568 10
214 655 5
214 699 3
214 885 9
215 13 4
215 177 6
215 307 3
215 612 9
215 615 8
215 961 7
216 65 1
216 66 10
216 320 4
216 323 4
216 410 3
216 484 5
216 548 4
216 740 2
216 833 1
216 835 3
217 90 1
217 537 8
218 51 1
218 100 10
218 208 10
218 398 7
218 477 6
218 482 4
218 527 8
218 531 6
218 678 3
218 722 6
218 741 7
218 777 6
218 784 1
218 833 2
218 911 4
219 98 4
219 139 6
219 228 5
219 277 5
219 423 2
219 528 8
219 628 6
219 694 6
220 82 7
220 222 5
220 386 4
220 456 7
220 519 1
220 534 10
220 605 5
220 630 3
220 646 2
220 735 8
220 743 1
220 757 5
220 818 3
220 840 1
220 902 5
221 105 4
221 236 8
221 284 2
221 303 2
221 670 1
221 819 5
221 863 6
222 10 2
222 168 7
222 801 3
222 806 6
222 999 1
223 4 6
223 119 3
223 208 5
223 270 1
223 395 2
223 426 10
223 692 2
223 700 9
223 755 2
223 856 10
224 73 8
224 138 7
224 310 8
224 404 5
224 790 8
224 870 2
225 35 2
225 212 7
225 234 4
225 480 10
225 676 6
225 852 5
225 969 10
226 148 4
226 220 7
226 631 8
227 27 6
227 44 9
227 275 10
227 305 8
227 488 6
227 650 7
227 863 4
228 221 2
228 457 10
228 478 6
228 491 3
228 492 6
228 495 2
228 620 1
228 776 5
228 820 2
228 828 9
228 855 8
228 864 1
229 96 6
229 166 5
229 319 6
229 387 2
229 399 6
229 503 2
229 521 8
229 541 8
229 609 9
229 879 5
229 915 6
229 928 9
229 955 5
230 33 3
230 464 6
230 512 5
230 568 9
230 722 5
230 780 1
230 891 9
231 152 10
231 156 6
231 285 8
231 287 3
231 450 7
231 552 7
231 589 7
231 748 5
231 770 7
232 204 8
232 222 7
232 227 2
232 340 3
232 403 3
232 585 3
232 646 1
232 701 9
233 6 4
233 7 1
233 61 3
233 72 6
233 210 4
233 265 2
233 429 2
233 451 8
233 498 10
233 785 10
233 913 3
233 963 5
233 978 5
234 276 9
234 326 10
234 460 10
234 590 10
234 711 10
234 885 9
234 925 1
235 47 5
235 239 4
235 356 9
235 396 6
235 478 4
235 760 10
236 86 1
236 349 10
236 400 2
236 467 10
236 510 9
236 558 4
236 587 1
236 754 6
236 911 6
236 965 4
237 51 10
237 301 2
237 404 8
237 449 6
237 459 4
237 691 10
237 693 4
237 722 3
237 848 5
238 22 7
238 67 5
238 110 1
238 647 3
238 650 1
238 971 5
238 995 2
239 54 2
239 99 3
239 319 7
239 331 10
239 340 1
239 503 8
239 505 1
239 539 2
239 560 4
239 604 5
239 749 2
239 915 2
240 48 7
240 426 8
240 471 5
240 674 2
240 710 10
240 859 5
241 184 5
241 207 6
241 750 3
241 751 3
241 973 3
242 94 1
242 381 5
242 501 1
242 514 6
242 600 8
242 630 8
242 655 7
242 749 6
242 830 1
242 927 3
243 265 9
243 324 10
243 352 2
243 475 3
243 722 4
243 735 1
244 73 4
244 271 4
244 352 7
244 378 4
244 605 4
245 226 8
245 555 1
245 770 5
246 95 3
246 138 3
246 174 9
246 279 7
246 291 9
246 395 8
246 572 8
246 654 1
246 818 5
246 852 7
246 916 8
246 975 7
247 357 2
247 682 5
248 29 10
248 212 6
248 327 1
248 421 3
248 517 10
248 562 1
248 589 5
248 635 7
248 705 7
248 747 5
248 774 2
248 794 2
248 814 10
248 853 8
249 31 5
249 34 9
249 184 10
249 256 6
249 425 1
249 458 9
249 482 4
249 540 4
249 595 5
249 636 8
249 700 2
249 889 1
249 950 1
250 32 9
250 117 4
250 220 7
250 267 6
250 343 8
250 543 7
250 578 4
250 622 8
250 809 3
250 858 10
251 52 1
251 268 9
251 303 7
251 447 2
251 789 3
251 980 10
252 2 3
252 75 2
252 145 4
252 223 2
252 475 7
252 523 4
252 654 5
252 695 7
252 729 1
252 769 9
253 117 9
253 193 7
253 233 3
253 259 6
253 314 9
253 334 8
253 648 5
253 653 1
253 672 8
253 688 5
253 781 7
253 955 6
254 97 9
254 102 4
254 150 7
254 200 2
254 314 6
254 548 3
254 693 6
255 60 1
255 185 9
255 297 9
255 304 6
255 322 9
255 594 8
255 641 4
255 961 5
256 54 9
256 135 3
256 137 1
256 175 6
256 314 6
256 707 3
256 829 5
257 71 6
257 109 8
257 135 9
257 201 5
257 291 4
257 295 5
257 331 1
257 358 8
257 393 3
257 527 7
257 580 5
257 628 8
257 657 2
257 658 7
257 730 10
257 742 3
257 780 3
257 856 8
257 877 4
257 878 10
258 27 9
258 28 1
258 38 9
258 232 2
258 323 4
258 421 7
258 432 5
258 456 7
258 605 9
258 712 4
258 797 4
258 909 9
258 950 9
259 225 3
259 272 10
259 525 4
259 745 1
259 810 4
259 850 6
259 894 6
260 21 6
260 97 6
260 108 10
260 143 10
260 248 9
260 627 5
260 755 5
260 779 3
260 968 7
261 79 4
261 146 6
261 349 4
261 368 2
261 375 6
261 694 4
261 821 7
262 50 2
262 57 6
262 166 7
262 369 6
262 415 2
262 943 6
263 17 8
263 33 1
263 39 3
263 71 4
263 144 8
263 366 6
263 705 10
263 829 3
263 852 8
264 39 2
264 259 6
264 381 6
264 514 1
264 524 8
264 561 10
264 742 9
265 70 10
265 89 4
265 171 1
265 234 6
265 638 7
265 930 8
266 39 9
266 94 6
266 103 10
266 187 8
266 273 5
266 434 10
266 450 7
266 727 2
266 843 10
266 856 1
266 891 2
267 6 4
267 102 7
267 318 10
267 525 9
267 615 4
267 692 1
267 785 2
267 872 2
267 995 2
268 51 8
268 150 2
268 388 8
268 407 5
268 635 1
268 700 3
268 744 9
268 884 6
268 937 5
269 6 7
269 32 6
269 77 2
269 98 1
269 234 5
269 325 6
269 396 4
269 588 6
269 889 8
270 27 10
270 228 4
270 446 8
270 594 5
270 869 2
270 919 9
271 66 6
271 129 5
271 388 8
271 724 1
271 986 8
272 132 6
272 141 5
272 656 8
272 703 10
273 19 8
273 77 3
273 160 5
273 189 9
273 313 3
273 334 2
273 471 10
273 501 7
273 585 4
273 723 4
273 820 5
273 912 3
273 981 10
273 989 1
274 1 7
274 8 7
274 22 3
274 44 6
274 135 1
274 179 3
274 332 7
274 666 2
274 755 5
274 876 10
274 903 8
275 186 6
275 197 2
275 328 3
275 383 9
275 400 1
275 699 9
275 783 5
275 815 6
275 856 1
276 100 8
276 133 7
276 139 3
276 161 1
276 262 8
276 266 10
276 310 6
276 359 9
276 387 10
276 403 2
276 443 6
276 594 6
276 616 3
276 656 9
276 671 2
276 693 7
276 758 7
276 881 3
276 930 7
277 87 5
277 118 3
277 152 2
277 545 4
277 689 8
277 790 6
277 858 9
277 916 7
277 974 9
277 979 1
277 987 6
278 126 6
278 162 9
278 288 8
278 375 2
278 413 6
278 638 8
278 783 4
278 854 3
278 987 10
279 7 6
279 22 2
279 97 2
279 277 5
279 579 9
279 595 1
279 888 7
279 957 2
279 997 10
280 73 8
280 107 3
280 214 9
280 244 3
280 584 4
280 603 9
280 619 3
281 75 5
281 263 4
281 354 1
281 693 3
281 801 3
282 270 5
282 470 6
282 490 4
282 601 4
282 708 4
282 804 10
282 815 6
282 999 9
283 8 3
283 184 10
283 446 2
283 591 5
283 851 1
284 129 2
284 235 3
284 471 3
284 557 1
284 618 6
284 660 6
284 950 5
285 60 8
285 62 9
285 304 3
285 387 2
285 873 6
285 880 6
286 77 4
286 94 8
286 144 5
286 401 5
286 505 7
286 522 3
286 647 9
286 776 2
286 784 10
287 61 10
287 267 4
287 534 8
288 84 10
288 113 4
288 141 7
288 211 7
288 608 10
288 795 5
288 863 5
288 952 8
289 225 6
289 311 8
289 438 9
289 601 10
289 698 10
289 749 6
289 811 8
289 829 5
289 874 7
290 12 7
290 108 8
290 226 9
290 295 9
290 424 10
290 761 1
290 772 3
290 937 2
291 105 8
291 126 1
291 192 3
291 233 9
291 339 2
291 507 2
291 747 5
291 767 4
291 785 9
291 841 5
291 944 8
292 4 5
292 8 4
292 76 8
292 264 6
292 380 8
292 416 4
292 427 5
292 912 5
292 934 3
292 994 3
293 16 3
293 187 8
293 444 8
293 506 2
293 620 7
293 646 3
293 799 2
293 831 5
294 281 1
294 501 7
294 519 7
294 656 5
294 687 2
294 708 10
294 738 5
294 795 6
294 992 4
295 474 10
295 549 7
295 684 6
295 692 2
296 65 1
296 105 10
296 141 1
296 180 1
296 259 8
296 268 3
296 465 8
296 504 4
296 506 2
296 557 9
296 605 3
296 639 5
296 682 4
297 86 9
297 244 4
297 245 3
297 271 1
297 577 1
297 660 2
297 727 9
297 923 5
297 985 6
298 101 3
298 157 7
298 456 10
298 524 1
298 535 1
298 561 2
298 652 5
298 687 5
298 803 7
298 804 6
298 830 1
298 850 9
298 882 2
298 926 9
299 189 8
299 231 5
299 625 9
299 675 6
299 792 8
299 819 7
299 835 9
299 907 10
299 911 8
299 940 2
299 962 2
299 978 3
300 23 10
300 95 5
300 229 1
300 532 10
300 727 1
301 176 5
301 188 9
301 194 6
301 256 5
301 372 1
301 383 8
301 500 1
301 639 9
301 679 5
301 807 9
302 48 1
302 94 8
302 279 3
302 331 10
302 427 2
302 475 8
302 489 8
302 622 5
302 705 8
303 82 10
303 206 6
303 239 2
303 323 8
303 377 5
303 410 5
303 513 6
303 533 10
303 997 1
304 107 6
304 198 2
304 285 6
304 392 7
304 541 8
304 648 9
304 666 1
304 776 3
304 868 6
305 10 2
305 131 7
305 157 1
305 192 1
305 281 9
305 360 4
305 575 8
305 713 6
305 733 6
305 874 3
306 184 4
306 264 2
306 359 8
306 642 5
307 2 9
307 13 7
307 157 6
307 199 4
307 248 2
307 323 10
307 359 8
307 373 10
307 485 3
307 604 10
307 843 4
307 881 5
308 68 3
308 72 6
308 91 10
308 142 10
308 346 1
308 512 2
308 555 5
308 657 6
308 788 9
309 27 3
309 778 8
309 885 5
310 234 10
310 258 7
311 30 9
311 264 6
311 292 9
311 543 7
311 604 7
311 748 7
311 762 8
311 782 6
311 826 3
312 89 6
312 90 1
312 108 6
312 132 5
312 345 6
312 545 4
312 710 10
312 818 7
312 939 10
313 95 9
313 108 5
313 417 3
313 546 2
313 714 4
313 771 6
313 859 3
313 898 6
313 984 2
314 21 10
314 420 5
314 503 9
314 654 9
314 895 2
314 948 8
315 194 1
315 452 1
315 485 2
315 692 2
315 826 9
316 138 10
316 269 9
316 279 9
316 296 10
316 444 3
316 602 8
316 750 6
316 821 9
317 35 3
317 63 2
317 76 9
317 157 10
317 240 3
317 253 4
317 422 1
317 453 5
317 787 9
317 871 5
317 919 10
317 986 9
318 171 5
318 454 5
318 756 8
318 876 10
318 896 10
319 77 3
319 311 5
319 369 1
319 496 8
319 560 3
319 628 8
319 738 4
320 51 6
320 68 10
320 147 5
320 156 9
320 336 2
320 616 4
320 676 1
320 786 8
321 45 6
321 70 10
321 157 7
321 223 3
321 257 2
321 298 9
321 344 4
321 480 5
321 509 8
321 531 8
321 540 9
321 605 8
321 791 6
321 848 1
322 76 4
322 83 4
322 359 2
322 571 4
322 770 1
322 822 6
322 841 3
322 912 1
323 16 6
323 81 6
323 117 5
323 166 9
323 291 10
323 559 5
323 699 2
323 860 10
324 175 1
324 634 6
324 644 3
324 659 8
324 686 2
324 762 7
324 845 3
324 968 5
325 56 5
325 122 8
325 181 6
325 257 5
325 323 7
325 502 3
325 536 1
325 778 4
325 827 7
325 855 6
325 864 10
326 280 1
326 588 6
326 771 10
326 873 5
327 215 4
327 234 5
327 337 1
327 494 9
327 497 8
327 559 5
327 561 7
327 658 5
327 817 1
328 45 8
328 129 10
328 211 5
328 408 4
328 696 8
328 781 10
328 818 8
328 880 5
328 907 8
328 924 3
329 235 3
329 250 6
329 417 3
329 523 4
329 628 6
329 887 5
330 70 7
330 120 6
330 794 1
330 827 6
331 58 1
331 77 2
331 162 9
331 306 4
331 396 2
331 407 9
331 787 9
331 816 1
331 830 3
331 860 10
331 865 3
332 72 3
332 420 4
332 448 3
332 608 6
332 838 10
332 846 8
332 926 3
332 998 8
333 32 1
333 67 6
333 168 7
333 186 3
333 198 10
333 326 7
333 386 9
333 502 2
333 515 7
333 703 9
333 899 3
334 311 4
334 332 9
334 558 7
334 615 10
334 703 5
334 811 6
334 961 9
335 212 4
335 272 7
335 350 7
335 375 3
335 525 8
335 618 6
335 981 5
335 985 6
336 665 9
336 847 1
336 980 3
337 79 5
337 219 10
337 318 5
337 472 3
337 492 10
337 569 2
337 680 8
337 730 1
337 1000 7
338 214 6
338 494 8
338 793 9
339 213 5
339 226 10
339 316 8
339 319 3
339 444 6
339 462 1
339 478 1
339 701 4
339 726 3
340 86 10
340 269 3
340 302 9
340 354 7
340 425 8
340 498 10
340 956 4
340 960 8
341 173 8
341 403 10
341 620 5
341 839 10
341 840 9
342 48 3
342 246 9
342 338 1
342 366 3
342 602 1
342 704 5
342 717 8
342 724 9
342 791 4
343 426 7
343 472 3
343 733 9
343 776 2
343 823 8
343 824 3
343 879 9
343 886 8
343 982 4
344 76 7
344 158 3
344 231 8
344 233 1
344 367 8
344 411 8
344 446 6
344 532 6
344 549 5
344 640 2
344 691 9
344 732 10
344 761 4
344 858 7
344 988 8
345 78 3
345 342 1
345 472 2
345 528 10
345 673 7
345 888 3
345 913 2
345 962 3
346 131 5
346 382 6
346 476 8
346 562 9
346 749 10
347 43 1
347 299 8
347 305 2
347 337 7
347 365 7
347 407 4
347 644 10
347 794 5
348 171 5
348 178 3
348 183 4
348 185 6
348 277 8
348 330 8
348 604 8
348 689 3
348 882 1
348 885 10
349 148 7
349 246 5
349 288 1
349 359 10
349 376 3
349 406 4
349 538 1
349 632 8
349 642 3
349 661 6
349 813 1
349 848 8
350 38 2
350 49 2
350 98 1
350 121 5
350 215 10
350 231 9
350 289 5
350 406 1
350 665 2
350 692 7
350 726 3
350 880 1
350 967 6
350 985 2
351 231 7
351 241 9
351 350 2
351 386 9
351 600 3
351 629 3
351 668 10
351 726 7
351 805 2
351 831 9
351 879 1
352 51 6
352 75 9
352 178 7
352 352 9
352 666 4
352 671 3
352 753 5
352 862 7
353 164 1
353 311 2
353 449 3
353 470 5
353 485 6
353 600 10
353 703 3
353 804 7
354 227 10
354 243 9
354 440 2
354 497 1
354 523 7
354 746 6
354 791 6
354 857 6
354 873 3
354 903 2
355 297 6
355 615 6
355 725 4
356 177 1
356 354 8
356 355 3
356 481 8
356 503 6
356 575 4
356 620 8
356 687 7
356 700 1
356 714 6
356 786 8
356 997 4
357 18 9
357 134 7
357 159 9
357 352 9
357 357 9
357 417 2
357 598 2
357 630 4
357 660 2
357 814 8
357 949 1
357 983 9
358 85 8
358 354 6
358 504 2
358 630 6
358 810 7
358 877 1
358 974 6
358 999 1
359 100 10
359 212 10
359 364 10
359 405 9
359 725 3
359 885 5
359 928 4
360 112 6
360 120 8
360 177 3
360 183 5
360 185 7
360 311 7
360 357 3
360 476 10
360 738 2
361 102 4
361 107 9
361 268 6
361 706 8
361 718 8
361 736 1
362 46 7
362 80 6
362 89 4
362 131 8
362 371 9
362 736 8
362 794 2
362 930 2
363 99 10
363 131 3
363 251 5
363 667 9
363 851 1
364 143 2
364 250 6
364 285 10
364 315 9
364 519 9
364 578 1
364 739 10
364 752 2
364 966 1
365 326 8
365 360 8
365 397 5
365 412 6
365 802 10
365 825 4
366 66 7
366 107 3
366 127 4
366 185 5
366 334 5
366 507 7
366 592 5
366 710 9
366 752 1
366 782 8
366 887 10
366 980 3
367 53 10
367 431 3
367 598 5
367 623 1
367 627 6
367 744 7
367 772 7
367 781 7
367 806 4
367 924 9
368 317 5
368 344 9
368 377 4
368 468 10
368 805 9
369 167 3
369 300 2
369 312 4
369 324 5
369 325 9
369 399 8
369 416 1
369 476 2
369 523 5
369 536 1
369 680 1
369 949 9
369 958 4
369 995 3
370 176 5
370 422 9
370 518 6
370 629 8
370 895 7
370 957 2
371 28 9
371 36 7
371 103 4
371 139 7
371 172 3
371 218 5
371 256 9
371 343 6
371 882 6
372 17 2
372 27 8
372 218 4
372 653 9
372 909 1
373 142 10
373 279 5
373 357 8
373 375 10
373 422 7
373 699 5
373 940 1
374 378 5
374 545 1
374 546 2
374 563 5
374 618 9
374 685 6
374 785 1
374 788 1
374 846 8
374 934 1
374 965 9
375 46 2
375 114 10
375 229 4
375 270 1
375 404 9
375 488 8
375 528 4
375 648 7
375 657 7
375 687 1
375 740 1
375 831 10
376 248 7
376 271 2
376 285 4
376 300 10
376 349 2
376 461 4
376 477 1
376 770 10
376 827 7
377 38 9
377 281 9
377 342 2
377 689 10
378 77 6
378 156 5
378 252 6
378 335 5
378 342 4
378 705 1
378 825 3
378 859 3
379 136 9
379 137 6
379 260 5
379 916 4
379 933 3
379 949 6
379 984 8
380 96 9
380 266 7
380 487 6
380 560 9
380 685 5
380 779 8
380 973 1
381 82 7
381 334 8
381 352 5
381 393 5
381 554 3
381 563 9
381 592 8
381 670 9
381 736 6
381 915 7
381 970 10
382 211 2
382 380 10
382 528 10
382 632 1
382 665 2
382 721 1
382 747 8
382 805 3
382 985 3
383 88 10
383 244 4
383 616 4
383 639 10
383 841 2
383 847 10
383 898 2
383 982 3
384 298 8
384 396 8
384 443 10
384 504 10
384 521 3
384 831 3
384 915 4
385 91 6
385 243 3
385 595 3
385 741 4
385 982 5
386 66 6
386 212 3
386 350 10
386 408 7
386 503 5
386 570 4
386 848 7
386 930 3
386 978 7
387 37 8
387 159 3
387 332 3
387 396 2
387 419 5
387 442 6
387 510 9
387 518 10
387 529 8
387 574 10
387 625 1
387 812 7
387 832 8
387 910 2
387 950 3
387 962 4
387 997 7
388 121 7
388 193 4
388 335 9
388 355 3
388 467 1
388 741 5
388 789 9
388 948 9
389 38 2
389 111 1
389 152 3
389 238 2
389 286 3
389 473 7
389 816 3
389 836 9
389 943 6
390 97 5
390 200 7
390 234 4
390 455 1
390 536 9
390 551 4
390 711 3
390 917 3
390 931 9
390 964 5
390 972 4
391 1 3
391 193 2
391 256 4
391 520 6
391 580 4
391 678 10
391 712 9
391 736 5
391 964 4
391 965 10
392 141 9
392 380 5
392 459 1
392 462 7
392 463 5
392 508 9
392 888 2
392 982 1
393 12 8
393 466 10
393 549 6
393 689 6
393 981 3
394 134 7
394 194 8
394 333 10
394 357 4
394 369 9
394 558 6
395 34 7
395 50 1
395 384 1
395 421 9
395 504 10
395 590 2
395 653 5
395 672 7
395 739 1
395 767 7
396 330 9
396 347 10
396 497 2
396 545 2
396 607 6
396 802 5
396 808 2
396 904 7
396 925 7
397 202 1
397 262 4
397 401 8
397 637 3
397 698 10
398 133 1
398 156 8
398 170 10
398 296 9
398 329 10
398 348 8
398 586 4
398 596 9
398 674 5
398 731 2
398 870 6
399 449 8
399 620 1
399 688 8
399 693 9
399 696 6
399 730 7
399 821 8
399 886 4
400 55 9
400 269 5
400 340 7
400 504 7
400 663 6
400 703 2
400 754 4
400 797 7
400 805 1
400 806 6
400 865 10
400 878 3
400 896 2
401 344 5
401 349 3
401 486 8
401 693 7
401 837 1
401 910 1
401 999 8
402 40 2
402 80 7
402 131 3
402 247 5
402 290 10
402 334 9
402 416 9
402 959 2
402 970 3
403 71 7
403 403 2
403 499 8
403 800 5
403 806 2
404 94 6
404 514 6
404 690 4
404 827 9
404 928 2
405 15 9
405 23 2
405 203 10
405 368 5
405 376 6
405 432 9
405 587 4
405 608 3
405 719 2
405 768 4
405 841 1
405 956 10
405 958 8
406 109 8
406 113 8
406 186 3
406 240 5
406 327 4
406 657 10
406 791 2
406 840 8
407 9 10
407 33 10
407 48 3
407 194 10
407 301 5
407 312 3
407 380 9
407 412 7
407 472 9
407 525 6
407 633 10
407 688 3
407 911 5
407 984 7
408 27 2
408 98 3
408 189 7
408 231 9
408 349 1
408 363 7
408 395 1
408 459 7
408 560 10
408 592 8
408 712 10
408 751 2
408 835 2
408 895 5
409 21 9
409 185 1
409 241 7
409 257 10
409 447 1
409 449 8
409 565 10
409 834 8
409 971 6
410 53 10
410 131 3
410 158 5
410 289 8
410 488 9
410 619 1
410 891 8
411 16 2
411 196 4
411 327 3
411 442 8
411 482 8
411 511 8
411 618 2
411 758 3
411 865 1
411 955 5
412 53 8
412 192 7
412 287 9
412 378 4
412 551 9
412 556 9
412 852 5
412 875 10
413 3 9
413 346 3
413 372 1
413 567 7
413 570 1
413 648 10
413 709 7
413 812 5
413 854 2
414 296 4
414 346 3
414 512 9
414 672 8
414 765 2
414 941 1
415 53 4
415 89 1
415 103 3
415 134 6
415 187 10
415 219 3
415 289 5
415 317 5
415 433 8
415 466 5
415 498 7
415 574 3
415 597 10
415 712 4
416 29 8
416 520 3
416 632 5
416 635 6
416 941 2
416 958 8
417 34 7
417 92 5
417 117 3
417 118 3
417 174 5
417 253 6
417 359 10
417 452 1
417 773 10
417 820 10
417 841 1
417 892 10
417 997 5
418 178 7
418 272 3
418 354 4
418 409 5
418 524 9
418 536 8
418 555 8
418 678 9
418 792 3
418 819 9
418 955 9
418 964 9
419 144 3
419 276 6
419 423 2
419 439 8
419 460 10
419 621 1
419 760 9
420 52 7
420 110 10
420 118 7
420 206 1
420 397 5
420 460 9
420 633 6
420 741 2
420 887 2
421 191 6
421 293 9
421 370 8
421 432 7
421 960 1
422 186 10
422 306 1
422 346 4
422 476 7
422 552 8
422 585 10
422 937 1
423 68 7
423 90 3
423 204 6
423 244 9
423 377 8
423 486 8
423 567 6
423 649 10
423 651 3
423 846 9
423 865 6
423 954 9
423 964 5
424 132 4
424 166 1
424 386 9
424 564 5
424 730 9
424 974 10
424 993 2
425 344 8
425 404 3
425 433 6
425 588 6
425 671 5
425 705 10
425 723 10
425 807 4
425 905 7
426 56 10
426 122 4
426 331 5
426 467 5
426 483 8
426 495 3
426 588 7
426 616 5
426 618 4
426 728 1
427 7 6
427 89 2
427 293 6
427 697 10
427 778 3
427 883 8
427 944 9
428 51 1
428 162 5
428 236 10
428 384 4
428 392 7
428 462 7
428 659 2
428 782 4
429 35 4
429 61 7
429 69 7
429 485 5
430 1 1
430 150 5
430 497 10
431 72 6
431 442 10
431 529 7
431 608 3
431 907 2
431 984 4
432 254 6
432 269 3
432 403 2
432 959 8
433 141 7
433 218 10
433 280 4
433 291 3
433 458 1
433 582 5
433 924 3
433 933 10
434 100 7
434 168 3
434 338 5
434 661 6
434 857 10
434 907 9
434 948 3
435 40 4
435 104 9
435 184 5
435 252 4
435 407 10
435 859 9
435 924 9
435 978 4
436 31 8
436 148 10
436 299 5
436 338 4
436 477 10
436 497 7
436 831 9
436 859 1
437 18 8
437 348 3
437 355 3
437 546 4
437 607 1
437 625 6
437 730 1
438 150 9
438 363 8
438 569 3
438 783 10
439 103 1
439 275 6
439 284 1
439 365 1
439 417 1
440 34 3
440 37 2
440 44 4
440 141 2
440 302 7
440 439 5
440 447 1
440 490 3
440 496 5
440 680 3
440 707 4
440 766 4
440 767 9
440 823 4
440 914 1
441 114 1
441 650 8
441 874 2
441 935 9
441 953 4
442 13 4
442 356 8
442 383 10
442 533 2
442 702 6
442 738 2
442 767 5
442 862 4
442 920 2
442 933 10
442 998 8
443 97 6
443 364 8
443 405 1
443 675 4
443 678 8
443 893 1
443 910 8
444 58 5
444 589 3
444 713 7
444 796 2
444 800 3
444 929 5
445 66 7
445 133 4
445 255 9
445 317 8
445 388 1
445 513 3
445 529 9
445 550 8
445 583 4
445 679 9
445 703 8
445 748 10
445 827 6
445 913 6
446 225 2
446 441 4
446 493 10
446 515 2
446 580 9
446 680 10
446 745 1
446 912 10
447 141 4
447 201 6
447 294 8
447 389 2
447 644 2
447 976 9
448 457 4
448 480 1
448 759 3
448 784 6
449 22 8
449 90 1
449 116 3
449 190 7
449 337 3
449 548 9
449 579 2
449 638 9
449 648 5
449 689 7
449 712 8
449 783 2
449 802 7
450 27 8
450 119 2
450 136 7
450 310 1
451 42 2
451 70 6
451 74 9
451 145 1
451 490 10
451 567 8
451 1000 9
452 96 9
452 151 5
452 269 4
452 299 6
452 315 4
452 423 8
452 430 2
452 448 2
452 560 10
452 814 4
452 863 10
452 886 3
453 92 6
453 189 10
453 385 10
453 851 7
454 7 8
454 55 7
454 194 10
454 266 8
454 367 3
454 428 6
454 450 7
454 533 9
454 836 8
454 940 8
454 955 9
454 979 8
455 104 7
455 144 8
455 167 10
455 233 6
455 408 4
455 578 3
455 715 6
455 719 6
455 916 6
455 934 8
456 35 6
456 115 1
456 259 5
456 610 4
456 690 2
456 712 1
456 737 10
456 818 9
456 844 2
457 10 7
457 67 4
457 198 2
457 310 5
457 363 5
457 414 2
457 458 5
457 541 8
457 674 2
457 711 9
457 787 10
457 910 7
457 950 6
458 137 2
458 192 6
458 425 8
458 427 6
458 516 9
458 528 1
458 588 3
458 727 5
459 24 3
459 93 6
459 211 5
459 282 3
459 825 7
460 193 7
460 350 7
460 554 1
461 6 4
461 38 1
461 47 1
461 80 10
461 342 8
461 512 6
461 690 5
461 697 3
461 919 6
462 166 2
462 219 8
462 645 8
462 871 2
462 956 2
463 166 6
463 190 3
463 208 1
463 213 1
463 547 6
463 610 6
463 753 7
463 905 8
463 928 8
464 37 1
464 68 5
464 173 6
464 313 1
464 579 5
464 726 2
464 756 6
464 785 4
464 842 5
464 862 8
464 963 3
465 75 2
465 80 5
465 191 2
465 229 5
465 316 7
465 368 1
465 412 4
465 432 7
465 568 1
465 633 1
465 637 1
465 890 5
466 229 3
466 384 6
466 785 4
466 854 1
466 870 9
467 47 2
467 102 5
467 184 7
467 224 3
467 397 3
467 631 5
467 833 6
468 60 4
468 65 3
468 135 3
468 256 10
468 356 1
468 624 6
468 700 7
468 873 4
468 895 1
468 1000 3
469 168 10
469 260 9
469 346 3
469 425 2
469 505 9
469 566 8
469 620 4
469 808 7
470 126 10
470 157 1
470 261 2
470 395 9
470 486 2
470 538 7
470 550 6
470 702 2
470 740 1
470 773 6
470 787 10
470 980 7
471 98 4
471 166 6
471 315 1
471 331 9
471 344 10
471 364 2
471 495 3
471 545 10
471 598 2
471 654 7
471 743 3
471 905 4
471 944 1
472 272 9
472 704 4
472 762 8
472 852 4
472 910 9
473 76 1
473 319 1
473 321 9
473 412 10
473 517 2
473 669 2
473 781 7
473 1000 10
474 133 6
474 150 5
474 251 6
474 421 1
474 759 5
474 974 1
475 38 5
475 178 2
475 611 6
475 657 1
475 701 8
475 718 7
475 953 6
476 463 7
476 485 6
476 984 2
477 58 2
477 217 2
477 285 9
477 433 6
477 555 2
477 578 5
477 921 9
478 36 8
478 37 8
478 237 2
478 267 1
478 277 8
478 552 7
479 8 8
479 577 2
479 745 6
479 851 5
479 889 7
479 917 2
480 18 9
480 83 10
480 128 10
480 252 3
480 303 9
480 447 6
480 576 6
480 602 2
480 610 10
480 683 3
480 804 9
481 96 9
481 196 9
481 240 9
481 266 5
481 294 5
481 299 2
481 328 1
481 340 5
481 411 7
481 936 5
482 77 6
482 84 2
482 195 6
482 346 10
482 349 1
482 804 10
482 826 2
482 877 4
483 30 8
483 91 9
483 123 6
483 256 10
483 307 10
483 371 1
483 388 10
483 480 10
483 527 10
483 546 2
483 631 5
483 870 4
484 337 7
484 348 9
484 379 4
484 392 8
484 642 2
484 984 7
485 46 8
485 243 2
485 294 7
485 452 2
485 727 2
485 853 8
486 263 6
486 420 1
486 509 3
486 563 1
486 573 4
486 711 8
486 825 8
486 839 9
486 884 5
486 940 6
486 967 3
487 54 2
487 142 3
487 220 9
487 293 8
487 304 9
487 474 5
487 763 2
487 812 1
488 83 5
488 217 8
488 220 2
488 310 8
488 341 9
488 617 8
488 663 5
488 940 10
488 965 1
489 88 7
489 186 3
489 295 1
489 443 2
489 468 3
489 603 7
489 626 3
489 695 3
489 702 6
489 719 10
489 752 3
490 90 7
490 641 3
490 700 6
490 920 4
490 992 5
491 8 6
491 98 5
491 155 6
491 245 7
491 483 7
491 614 7
491 641 10
491 710 4
492 153 2
492 360 9
492 484 2
492 493 8
492 545 5
492 570 10
492 608 9
492 644 1
492 749 9
492 896 6
492 992 2
493 85 5
493 275 8
493 384 2
493 582 4
493 617 5
493 685 8
493 710 6
493 719 3
493 856 5
493 928 3
493 949 7
493 989 8
494 277 10
494 332 6
494 340 9
494 704 10
494 944 7
495 12 6
495 85 3
495 427 10
495 617 7
495 847 2
495 987 7
496 43 4
496 90 3
496 234 1
496 424 3
496 485 8
496 489 10
496 690 10
497 206 9
497 235 5
497 315 6
497 335 10
497 378 3
497 409 8
497 875 6
497 954 10
498 72 7
498 569 7
498 602 2
498 642 7
498 945 3
499 264 4
499 600 6
499 661 6
499 823 8
499 910 6
500 189 2
500 205 4
500 443 5
500 473 3
500 637 9
500 760 10
501 29 3
501 550 7
501 861 7
502 275 7
502 288 8
502 469 1
502 482 2
502 814 5
503 73 2
503 292 7
503 474 10
503 552 1
503 553 6
503 641 5
503 897 7
503 919 2
504 313 4
504 375 2
504 661 2
504 817 9
504 867 4
504 991 7
505 32 6
505 40 8
505 362 8
505 411 10
505 420 3
505 428 10
505 733 10
505 755 5
505 927 1
506 124 4
506 126 3
506 436 9
506 470 9
506 714 2
506 884 5
506 950 3
507 82 7
507 192 10
507 317 2
507 358 5
507 375 10
507 756 1
507 956 7
508 76 9
508 120 10
508 130 9
508 213 10
508 552 8
508 642 9
508 653 1
508 659 8
508 786 8
508 882 2
508 944 5
508 969 10
509 50 1
509 64 7
509 235 2
509 284 2
509 462 7
509 535 9
509 661 6
509 882 3
510 27 1
510 114 6
510 513 5
510 674 7
510 710 7
510 753 3
510 804 3
511 22 6
511 63 3
511 111 1
511 424 4
511 452 8
511 458 5
511 478 6
511 813 8
511 996 8
512 56 9
512 83 10
512 183 2
512 241 5
512 629 1
512 991 10
513 47 2
513 163 10
513 253 8
513 333 10
514 169 6
514 228 8
514 282 8
514 450 10
514 667 9
514 697 2
514 831 10
514 845 7
515 74 5
515 152 5
515 316 6
515 338 9
515 345 8
515 390 6
515 496 9
515 623 9
515 778 6
515 893 5
515 986 4
516 53 10
516 61 6
516 266 1
516 450 6
517 531 5
517 657 6
517 704 5
517 778 8
518 5 10
518 46 8
518 63 10
518 277 6
518 336 6
518 440 7
518 503 10
518 606 1
518 852 6
519 37 8
519 55 3
519 271 2
519 604 1
519 650 5
519 686 7
519 692 6
519 773 6
519 812 1
520 27 4
520 369 7
520 495 5
520 699 3
520 706 3
520 824 7
520 853 8
520 860 4
520 879 4
520 923 9
521 108 5
521 171 5
521 206 7
521 323 3
521 441 3
521 444 7
521 586 1
521 682 7
521 832 8
521 849 6
522 175 8
522 298 9
522 569 7
522 900 8
522 921 5
522 954 4
523 396 10
523 537 8
523 540 1
523 787 8
523 960 8
524 67 2
524 88 7
524 149 6
524 353 9
524 425 9
524 501 3
524 504 7
524 536 6
524 571 9
524 596 7
524 672 2
525 99 1
525 138 9
525 148 10
525 247 4
525 292 9
525 312 8
525 698 7
525 728 5
525 810 4
526 63 5
526 175 6
526 571 1
526 657 10
526 675 7
526 760 1
526 908 1
527 185 6
527 451 7
527 871 5
528 90 3
528 300 5
528 372 5
528 418 1
528 463 9
528 617 7
528 689 7
528 835 6
529 172 4
529 180 9
529 554 3
529 635 9
529 714 4
529 726 1
529 730 7
529 859 1
529 882 2
529 914 3
530 135 10
530 369 8
530 483 7
530 727 7
530 752 3
530 833 2
530 868 2
530 951 1
530 963 5
531 4 9
531 185 5
531 281 7
531 381 10
531 887 9
531 950 6
531 989 2
531 998 5
532 97 6
532 206 6
532 226 5
532 502 5
532 507 5
532 636 5
532 698 6
532 906 10
532 942 8
532 996 2
533 3 7
533 96 7
533 288 3
533 403 1
533 518 3
533 652 3
533 818 7
533 866 6
534 53 2
534 65 10
534 124 8
534 236 1
534 297 6
534 409 6
534 553 5
534 898 3
535 22 10
535 281 4
535 613 7
535 706 6
535 778 1
536 280 1
536 334 4
536 359 2
536 503 3
536 518 1
536 559 10
536 610 10
536 666 4
536 776 7
536 777 6
536 824 2
536 928 2
536 964 1
537 72 3
537 622 8
537 650 10
537 759 8
537 790 8
537 928 4
537 955 1
538 38 2
538 84 3
538 216 2
538 757 3
538 892 10
539 18 10
539 291 4
539 616 3
539 804 10
539 844 3
539 857 9
539 893 9
539 901 10
540 52 6
540 163 5
540 233 8
540 398 9
540 405 9
540 597 4
540 760 2
540 799 1
540 944 1
541 40 1
541 47 4
541 321 10
541 371 10
541 450 3
541 624 7
541 725 7
541 767 4
541 793 7
541 940 6
542 26 5
542 148 6
542 217 10
542 228 9
542 371 10
542 580 3
542 666 3
542 713 2
542 804 2
542 902 4
543 225 5
543 305 5
543 360 9
543 505 6
543 605 6
543 840 9
543 888 5
543 924 7
544 37 4
544 397 3
544 487 10
544 531 7
544 559 4
544 565 1
544 586 10
544 636 6
544 681 5
544 717 4
544 883 2
544 973 10
545 9 1
545 66 7
545 281 4
545 378 9
545 438 10
545 610 3
545 654 5
545 732 9
545 895 1
545 918 2
546 36 6
546 180 6
546 420 2
546 818 6
547 42 6
547 88 7
547 136 3
547 143 4
547 196 8
547 252 7
547 309 10
547 639 6
547 771 10
548 10 5
548 137 8
548 160 6
548 220 10
548 346 6
548 382 8
548 616 3
548 664 3
548 682 1
548 978 5
549 228 5
549 291 6
549 405 9
549 921 9
550 126 8
550 139 10
550 141 3
550 199 10
550 236 3
550 385 10
550 473 8
550 480 6
550 545 4
550 713 10
550 788 3
550 910 2
551 84 8
551 91 10
551 251 3
551 410 6
551 464 10
551 506 1
551 511 10
551 570 7
551 790 3
551 805 2
551 904 5
552 23 1
552 63 8
552 186 4
552 431 5
552 439 1
552 461 3
552 668 3
552 688 10
552 747 2
552 781 9
552 881 3
552 965 8
553 198 8
553 201 6
553 224 4
553 237 10
553 347 6
553 394 9
553 454 9
553 458 1
553 534 8
553 670 5
553 726 8
553 980 9
554 28 1
554 99 9
554 282 10
554 312 5
554 347 5
554 459 7
554 885 8
555 60 10
555 171 4
555 322 4
555 566 7
555 633 2
555 853 9
556 344 5
556 400 7
556 424 9
556 434 2
556 771 6
556 899 9
556 986 4
557 12 7
557 66 7
557 78 6
557 282 6
557 355 1
557 449 6
557 477 1
557 669 2
558 100 4
558 157 1
559 172 1
559 285 5
559 363 6
559 613 2
559 673 5
559 803 8
559 810 1
559 826 5
559 878 2
559 899 8
559 940 6
559 943 5
560 74 8
560 76 7
560 199 3
560 489 1
560 537 1
560 634 8
560 700 8
560 797 2
560 803 3
560 805 2
561 26 7
561 46 9
561 67 4
561 120 8
561 122 2
561 139 9
561 194 1
561 201 6
561 260 9
561 270 2
561 355 3
561 440 2
561 456 3
561 802 9
562 252 1
562 347 8
562 549 6
562 765 8
563 247 7
563 299 7
563 314 5
563 858 2
563 868 10
563 987 6
564 50 9
564 93 4
564 139 3
564 339 6
564 853 5
564 909 8
565 11 8
565 101 3
565 122 6
565 126 7
565 169 9
565 199 10
565 325 10
565 415 4
565 514 3
565 527 1
565 900 4
566 165 7
566 177 1
566 246 9
566 268 2
566 381 9
566 722 4
566 962 4
567 314 1
567 331 1
567 619 1
567 828 6
567 927 9
567 994 8
567 995 6
568 63 6
568 186 8
568 220 10
568 304 9
568 370 2
568 492 9
568 503 4
568 670 3
568 731 3
568 733 3
568 749 2
568 805 3
568 882 3
569 25 3
569 92 4
569 115 7
569 128 4
569 253 2
569 508 8
569 667 7
569 699 6
570 44 9
570 279 8
570 707 2
570 717 2
570 763 9
570 799 10
570 817 1
570 991 6
571 183 10
571 563 1
571 566 10
571 603 10
571 965 6
572 75 3
572 90 5
572 421 9
572 451 6
572 645 4
572 669 1
572 801 9
572 875 2
572 894 6
572 944 6
572 977 5
573 39 3
573 45 9
573 169 1
573 173 8
573 480 8
573 567 2
573 587 10
573 666 10
573 717 9
573 760 5
574 35 3
574 277 10
574 457 1
574 476 4
574 529 10
574 587 2
574 673 1
574 699 10
574 705 10
574 756 8
574 862 3
574 873 8
574 881 4
574 882 3
574 925 3
574 972 7
575 6 4
575 37 3
575 137 6
575 562 7
576 217 3
576 223 8
576 307 1
576 388 8
576 676 7
576 735 4
576 939 2
577 709 6
577 859 2
578 56 5
578 169 8
578 218 3
578 331 3
578 499 7
578 610 7
578 795 7
579 65 1
579 66 9
579 173 8
579 205 5
579 334 6
579 370 6
579 374 2
579 410 3
579 673 1
579 835 2
579 905 10
580 9 6
580 118 8
580 256 8
580 384 7
580 415 4
580 542 5
581 98 10
581 129 2
581 177 9
581 182 2
581 210 7
581 311 5
581 385 5
581 493 6
581 510 2
582 379 3
582 472 9
582 687 2
582 822 8
582 829 4
582 909 8
582 945 7
583 80 8
583 168 9
583 198 8
583 277 7
583 334 2
583 369 4
583 371 6
583 509 9
583 577 5
584 39 6
584 180 9
584 237 10
584 348 3
584 571 2
584 621 6
584 945 9
584 947 2
584 957 8
585 30 4
585 315 3
585 376 7
585 398 10
585 515 4
585 655 6
586 502 6
586 663 6
586 860 10
587 59 4
587 113 10
587 245 3
587 386 4
587 407 4
587 491 2
587 545 2
587 605 10
587 714 6
587 785 7
587 841 3
587 857 7
587 964 6
587 999 3
588 582 4
588 656 8
588 739 6
588 771 1
588 854 7
589 73 5
589 118 7
589 278 2
589 645 4
589 823 4
589 967 3
590 83 2
590 296 6
590 333 1
590 502 2
590 714 2
590 853 8
591 26 3
591 157 5
591 515 10
591 689 3
591 985 5
592 18 6
592 32 9
592 40 8
592 81 10
592 83 9
592 140 10
592 142 1
592 153 1
592 191 10
592 391 6
592 533 7
592 646 10
592 689 6
592 846 4
592 976 10
592 987 3
593 109 8
593 203 4
593 520 3
593 729 9
594 92 3
594 136 2
594 289 5
594 427 6
594 682 6
594 752 8
594 792 9
594 877 1
595 19 9
595 90 9
595 212 7
595 472 6
595 537 6
595 604 2
595 614 6
595 667 6
595 867 6
595 913 8
596 11 1
596 56 7
596 121 9
596 232 6
596 306 1
596 343 6
596 354 6
596 402 5
596 539 5
596 664 1
596 923 4
597 230 8
597 283 3
597 301 2
597 385 5
597 437 4
597 477 8
597 481 1
597 716 4
597 751 6
597 820 7
597 863 8
598 361 8
598 601 10
598 902 5
599 113 6
599 146 10
599 181 9
599 272 4
599 349 10
599 401 9
599 462 3
599 510 4
599 659 9
599 714 3
599 715 9
599 774 9
599 883 3
599 923 8
599 962 2
600 106 10
600 283 1
600 556 1
600 680 7
600 767 5
600 782 4
600 896 3
601 165 9
601 344 1
601 412 9
601 502 2
601 627 10
601 792 3
601 842 5
601 895 4
601 908 1
602 33 3
602 190 1
602 418 10
602 448 4
602 475 6
602 565 6
602 620 8
602 631 5
602 889 9
602 993 10
602 995 10
603 49 6
603 62 9
603 152 5
603 441 9
603 549 9
603 781 8
603 806 1
603 912 6
604 57 4
604 76 4
604 369 4
604 438 1
604 444 1
604 783 2
605 14 8
605 71 5
605 157 1
605 576 1
605 639 5
605 761 4
606 88 3
606 198 10
606 316 6
606 934 7
606 954 9
607 8 10
607 88 4
607 335 9
607 517 1
607 657 4
607 760 10
608 208 9
608 388 1
608 881 9
609 156 1
609 226 5
609 414 10
609 453 7
609 544 6
609 691 10
609 763 5
610 124 8
610 486 3
610 837 6
610 987 8
611 156 2
611 243 8
611 405 10
611 481 10
611 616 1
611 704 4
611 816 6
611 906 6
612 219 6
613 283 4
613 320 4
613 421 2
613 485 3
613 748 6
613 928 1
614 33 5
614 102 3
614 181 9
614 224 3
614 301 4
614 488 9
614 642 6
614 647 3
614 734 9
614 786 1
614 797 6
614 961 6
615 13 4
615 17 3
615 38 3
615 184 4
615 632 10
615 682 2
615 731 3
615 765 1
615 902 7
616 96 6
616 144 8
616 400 9
616 438 6
616 566 10
616 589 7
616 694 10
616 710 10
616 859 10
617 22 10
617 85 8
617 355 2
617 375 3
617 552 8
617 601 6
617 735 3
617 912 10
618 142 4
618 288 1
618 687 7
618 719 2
618 817 6
619 29 5
619 161 8
619 313 2
619 457 2
619 526 9
619 529 2
619 844 1
619 875 4
619 889 10
619 934 9
620 361 3
620 382 8
620 401 1
620 420 2
620 481 1
620 490 3
620 527 8
620 594 7
620 779 2
620 789 1
620 845 8
620 872 5
621 63 1
621 171 10
621 199 9
621 261 8
621 397 6
621 493 7
621 678 1
621 797 4
621 873 5
621 963 10
622 2 2
622 96 3
622 190 2
622 370 1
622 437 6
622 588 4
622 603 9
622 732 8
622 764 6
622 961 7
623 264 9
623 331 10
623 430 4
623 567 4
623 575 1
623 787 5
623 929 2
623 953 4
624 17 3
624 45 5
624 98 2
624 494 8
624 694 1
624 744 8
624 931 8
625 15 1
625 54 7
625 201 10
625 778 7
625 784 4
625 837 9
625 870 9
626 66 4
626 74 10
626 130 9
626 233 3
626 313 9
626 414 10
626 683 8
626 820 1
626 838 1
627 47 10
627 102 10
627 290 7
627 602 8
627 657 8
627 787 3
628 88 6
628 471 6
628 621 3
628 730 2
628 734 10
628 933 1
628 981 7
629 33 7
629 139 9
629 380 5
629 435 3
629 436 1
629 522 5
629 671 6
629 907 9
629 936 6
629 956 9
629 967 9
630 208 7
630 237 4
630 249 7
630 253 6
630 446 4
630 545 9
630 740 3
630 976 1
631 74 2
631 145 8
631 154 1
631 162 4
631 247 9
631 297 9
631 793 10
631 845 10
631 854 3
631 875 5
632 198 4
632 249 10
632 360 7
632 440 10
633 98 8
633 180 1
633 469 10
633 618 6
633 648 8
633 747 9
633 781 4
633 899 2
633 904 1
634 46 7
634 58 2
634 85 3
634 525 9
634 713 10
634 762 1
634 920 1
635 25 4
635 192 10
635 388 4
635 562 2
635 563 7
635 635 8
635 654 4
635 699 6
635 724 3
635 955 3
635 976 2
636 8 10
636 68 4
636 108 7
636 210 7
636 243 9
636 297 10
636 303 10
636 416 9
636 577 9
636 677 6
636 685 8
636 783 8
636 851 4
636 940 10
636 951 9
637 50 9
637 72 8
637 104 5
637 170 7
637 345 8
637 505 3
637 823 2
638 113 1
638 402 10
638 523 8
638 585 5
638 943 2
639 244 10
639 265 2
639 395 6
639 651 10
639 712 1
639 824 8
639 953 9
640 13 5
640 131 2
640 287 10
640 654 3
640 716 10
640 850 3
641 164 4
641 247 6
641 274 7
641 301 6
641 509 3
641 735 2
641 800 5
641 935 4
641 959 1
641 993 6
642 36 5
642 99 10
642 454 7
642 655 3
643 155 9
643 241 5
643 666 10
643 668 4
643 697 1
643 809 3
643 814 8
644 190 9
644 203 3
644 210 7
644 298 6
644 389 9
644 501 2
644 580 9
644 679 7
645 17 10
645 131 6
645 203 8
645 249 4
645 275 7
645 309 4
645 311 1
645 503 7
645 794 6
645 945 2
645 986 10
646 99 2
646 155 6
646 175 2
646 188 4
646 393 10
646 691 9
646 848 1
646 869 4
647 236 3
647 404 4
647 629 8
647 798 5
647 915 10
647 959 3
648 140 8
648 212 6
648 249 2
648 467 2
648 593 7
648 656 7
648 678 7
648 797 5
649 561 6
649 596 7
649 665 3
649 729 9
649 899 5
650 2 5
650 304 8
650 381 5
650 473 6
650 539 10
650 686 1
650 723 8
651 59 4
651 105 4
651 266 1
651 280 7
651 353 2
651 530 5
651 619 10
651 673 5
651 835 10
652 59 10
652 94 5
652 156 2
652 226 3
652 344 7
652 373 2
652 422 9
652 452 4
652 567 6
652 781 8
652 904 5
653 65 4
653 117 8
653 419 9
653 534 10
653 629 5
653 764 6
653 885 5
653 917 10
654 25 9
654 96 6
654 181 6
654 308 8
654 699 8
654 727 10
654 770 1
654 880 1
654 889 10
655 549 10
655 605 1
655 627 6
655 773 5
655 946 3
656 216 8
656 497 7
656 527 4
656 776 6
656 962 9
656 976 4
657 18 8
657 21 8
657 150 7
657 158 1
657 389 4
657 451 5
657 620 3
657 627 8
657 628 4
657 819 4
657 964 7
658 69 3
658 145 4
658 215 3
658 393 1
658 571 8
658 600 3
658 643 1
658 774 10
658 808 8
658 927 7
659 32 9
659 46 2
659 414 2
659 500 3
659 704 6
659 906 5
660 53 1
660 62 6
660 128 7
660 137 4
660 141 5
660 309 1
660 421 4
660 506 2
660 538 9
660 787 3
660 947 1
660 964 10
661 40 2
661 181 5
661 188 10
661 422 9
661 644 9
661 731 6
661 765 5
661 824 10
661 875 3
662 19 4
662 109 6
662 140 1
662 538 4
662 645 1
662 739 9
662 779 9
662 941 9
663 20 9
663 153 8
663 297 7
663 396 1
663 464 8
663 513 4
663 681 2
663 733 9
664 204 10
664 219 2
664 632 9
664 711 9
664 826 3
664 929 6
665 15 5
665 67 7
665 180 2
665 182 4
665 215 3
665 437 5
665 635 7
665 895 8
666 74 2
666 601 10
666 709 2
666 947 1
666 973 3
666 988 3
667 7 10
667 118 10
667 172 10
667 276 3
667 331 1
667 337 6
667 381 10
667 523 5
667 611 6
667 898 10
668 24 9
668 294 9
668 299 3
668 307 1
668 519 3
668 654 4
668 670 3
668 792 10
669 340 6
669 452 5
669 487 5
669 491 6
669 535 10
669 586 5
669 618 9
669 628 5
669 699 10
669 984 1
670 257 4
670 279 9
670 541 9
670 729 6
670 823 2
671 32 6
671 237 6
671 335 3
671 345 4
671 492 5
671 518 1
671 545 7
671 831 7
672 78 9
672 220 2
672 274 10
672 382 7
672 383 3
672 584 8
672 697 8
673 37 2
673 85 3
673 95 7
673 132 6
673 160 9
673 162 6
673 180 5
673 230 10
673 309 8
673 329 4
673 336 5
673 467 3
673 668 8
673 679 1
673 745 6
673 775 10
673 964 7
673 991 3
674 243 8
674 256 9
674 308 5
674 325 2
674 376 3
674 398 8
674 788 5
675 154 10
675 302 8
675 340 8
675 380 4
675 637 10
675 648 10
675 779 2
675 844 1
675 869 6
676 76 3
676 136 6
676 229 1
676 358 4
676 423 4
676 502 5
676 613 1
676 657 10
676 730 7
676 732 9
676 748 8
676 754 6
676 911 2
676 941 7
677 59 8
677 72 4
677 103 2
677 109 1
677 426 9
677 551 10
677 664 7
677 703 3
677 791 6
677 820 6
677 835 8
677 906 1
677 972 8
678 255 1
678 334 1
678 368 9
678 451 3
678 478 4
678 604 8
678 612 5
678 699 10
678 803 9
678 936 9
679 4 5
679 154 5
679 229 5
679 355 2
679 593 8
679 711 6
679 736 10
679 823 10
679 960 6
679 980 2
680 140 6
680 153 1
680 216 7
680 342 1
680 423 9
680 510 7
680 577 10
680 978 5
680 988 10
681 57 5
681 178 10
681 367 5
681 401 1
681 474 5
681 598 1
681 623 8
681 691 8
681 831 6
681 904 6
681 907 3
681 956 9
681 969 3
682 50 9
682 199 10
682 275 6
682 305 5
682 381 3
682 629 7
682 877 8
682 935 6
682 937 3
682 991 8
683 365 6
683 463 4
683 610 1
683 649 9
683 908 2
683 925 3
684 84 9
684 191 8
684 312 8
684 324 10
684 334 7
684 485 5
684 492 6
684 532 6
684 537 9
684 547 8
684 556 3
684 628 1
684 661 5
684 706 6
684 750 3
684 850 10
684 903 1
684 1000 7
685 79 10
685 144 9
685 180 1
685 458 1
685 506 2
685 530 6
685 559 4
685 645 4
685 717 1
686 48 10
686 298 10
686 330 2
686 677 6
686 857 2
686 895 5
686 960 8
686 970 1
686 996 9
687 22 6
687 208 2
687 594 10
687 802 3
687 968 4
688 2 5
688 14 5
688 17 5
688 196 2
688 252 3
688 551 9
688 578 10
688 614 7
688 677 10
689 157 1
689 167 6
689 180 1
689 196 5
689 495 3
689 510 5
689 712 9
689 801 6
689 914 6
690 167 4
690 216 4
690 273 8
690 319 2
690 662 5
690 703 9
690 752 3
690 830 1
690 864 7
691 104 7
691 178 8
691 193 6
691 204 3
691 288 9
691 346 4
691 532 5
691 555 6
691 620 3
691 631 10
691 996 8
692 242 3
692 258 8
692 261 3
692 284 6
692 297 1
692 382 8
692 545 5
692 662 10
692 683 5
692 802 3
692 815 3
693 90 10
693 639 6
693 702 3
693 735 4
693 997 2
694 23 7
694 65 8
694 91 5
694 101 4
694 103 8
694 337 10
694 393 9
694 585 10
694 631 8
694 684 3
695 25 2
695 72 8
695 212 7
695 374 5
695 405 6
695 411 6
695 433 6
695 810 8
695 866 9
695 928 9
695 930 10
696 40 10
696 71 1
696 137 5
696 383 5
696 925 4
696 966 4
697 180 2
697 194 9
697 373 6
697 477 6
697 671 10
697 760 6
697 891 9
698 72 6
698 455 10
698 570 5
698 753 7
698 830 2
699 122 8
699 429 10
699 560 6
699 780 4
700 107 6
700 166 2
700 193 3
700 209 3
700 216 7
700 251 10
700 292 10
700 298 1
700 313 9
700 501 5
700 656 5
700 740 7
700 760 4
700 870 2
701 16 9
701 92 4
701 307 10
701 527 3
701 558 7
701 885 3
701 953 4
701 983 10
702 10 8
702 19 10
702 160 6
702 182 9
702 412 3
702 774 2
702 857 6
702 975 7
703 142 10
703 288 1
703 291 4
703 333 10
703 384 4
703 446 10
703 552 7
703 697 1
703 810 5
703 903 10
704 75 6
704 202 6
704 333 8
704 388 1
704 433 7
704 506 2
704 597 1
704 805 7
704 937 5
705 132 7
705 237 2
705 528 3
705 670 1
705 685 6
705 802 1
706 99 2
706 154 6
706 232 5
706 510 3
706 968 7
707 88 2
707 162 9
707 540 3
708 272 2
708 366 9
708 740 6
709 97 9
709 168 5
709 321 1
709 421 9
709 532 5
709 578 3
710 79 8
710 266 10
710 302 2
710 938 8
711 206 4
711 261 5
711 334 4
711 416 7
711 477 3
711 528 8
711 554 4
711 749 3
711 770 4
711 925 8
712 70 8
712 138 2
712 146 2
712 436 4
712 465 5
712 496 5
712 870 7
712 965 6
713 20 5
713 79 2
713 103 1
713 202 4
713 344 10
713 361 3
713 392 10
713 756 2
714 47 6
714 309 4
714 432 3
714 480 6
714 568 8
714 676 7
714 883 8
715 9 6
715 182 7
715 215 4
715 266 9
715 267 3
715 657 9
715 854 7
716 52 3
716 67 8
716 220 6
716 262 2
716 372 8
716 500 3
716 600 5
716 601 1
716 756 4
716 975 5
716 995 2
716 1000 8
717 94 10
717 96 1
717 178 5
717 338 10
717 413 1
717 513 5
717 748 2
718 161 10
718 412 9
718 480 9
718 966 7
719 21 8
719 105 6
719 126 5
719 130 4
719 179 8
719 214 4
719 223 3
719 274 8
719 359 7
719 365 8
719 378 8
719 390 6
719 537 5
719 555 2
719 801 2
720 44 5
720 48 7
720 706 10
720 882 1
721 29 1
721 38 4
721 130 9
721 187 8
721 606 2
721 833 2
721 895 4
721 970 5
722 58 10
722 214 9
722 465 3
722 770 8
722 857 6
722 871 5
722 901 7
723 43 1
723 89 5
723 205 1
723 248 5
723 323 10
723 886 5
723 999 8
724 300 4
724 308 7
724 376 1
724 438 3
724 480 8
724 581 4
724 752 8
724 754 7
724 768 1
724 911 9
724 972 4
725 143 7
725 213 2
725 225 6
725 283 8
725 296 2
725 309 5
725 378 6
725 740 1
725 886 9
725 930 2
725 947 1
726 32 8
726 197 3
726 234 10
726 384 7
726 444 9
726 715 4
726 747 4
726 959 9
727 91 8
727 217 10
727 468 5
727 513 2
727 584 6
727 842 8
727 862 6
727 991 6
728 280 4
728 324 8
728 386 4
728 653 9
728 657 8
728 987 4
728 996 6
729 74 2
729 212 5
729 224 10
729 236 4
729 241 1
729 331 8
729 360 7
729 385 6
729 459 1
729 537 2
729 714 10
729 718 1
729 720 7
729 790 10
729 816 8
729 824 3
729 968 1
730 101 6
730 107 2
730 341 4
730 422 1
730 455 7
730 702 1
730 726 5
730 831 5
730 869 8
730 978 1
730 980 4
730 990 9
731 124 3
731 187 6
731 193 8
731 209 5
731 347 5
731 414 10
731 454 2
731 480 4
731 734 7
731 739 1
731 984 7
732 20 10
732 139 2
732 226 5
732 256 7
732 461 5
732 486 10
732 533 2
732 853 9
732 951 6
732 972 10
733 297 5
733 306 2
733 472 7
733 538 4
733 562 7
733 802 1
734 159 8
734 287 1
734 404 10
734 426 6
734 449 5
734 509 7
734 552 1
734 834 3
734 858 5
734 979 10
735 38 3
735 143 8
735 159 4
735 396 5
735 400 10
735 697 4
735 794 4
735 901 9
736 35 3
736 162 3
736 226 2
736 377 7
736 412 1
736 419 7
736 466 4
736 491 5
736 826 2
736 959 10
737 15 4
737 26 10
737 104 8
737 154 5
737 224 7
737 273 10
737 469 4
737 558 6
737 683 10
737 689 6
737 720 7
737 808 2
737 847 3
738 229 7
738 402 6
738 605 7
738 888 7
738 904 9
739 306 7
739 512 6
739 607 5
739 960 8
740 57 8
740 83 2
740 213 2
740 290 8
740 342 5
740 529 4
740 606 10
740 674 7
740 904 3
740 927 7
741 21 10
741 61 5
741 281 10
741 354 6
741 513 1
741 619 9
741 645 10
742 164 8
742 237 7
743 45 9
743 76 7
743 196 1
743 210 3
743 224 1
743 293 9
743 304 8
743 377 7
743 521 4
743 549 9
743 865 5
743 913 8
743 984 10
744 286 9
744 540 2
744 563 6
744 574 5
744 735 6
744 893 8
744 937 1
744 957 4
745 69 3
745 287 2
745 311 7
745 495 6
745 551 5
745 651 5
745 711 5
745 836 6
745 936 4
746 134 6
746 221 8
746 222 6
746 401 10
746 411 10
746 471 8
746 521 7
746 536 1
746 537 2
746 721 7
747 123 10
747 306 4
747 785 1
747 793 7
747 892 4
747 967 6
748 23 10
748 41 4
748 302 7
748 319 10
748 431 3
748 631 9
748 675 2
748 710 2
748 776 3
748 918 3
748 983 4
749 77 9
749 154 8
749 155 4
749 283 1
749 682 8
749 943 7
750 19 6
750 43 1
750 190 5
750 273 7
750 445 7
750 715 10
750 773 6
750 788 4
751 90 2
751 237 8
751 314 8
751 348 10
751 761 7
751 877 1
752 54 4
752 85 4
752 272 1
752 335 7
752 481 4
752 822 8
752 960 1
753 13 7
753 53 5
753 59 3
753 313 2
753 574 5
753 905 7
754 272 5
754 301 3
754 455 1
754 788 9
754 817 6
755 538 5
755 563 10
755 580 1
756 177 8
756 278 5
756 285 10
756 310 2
756 362 3
756 486 1
756 963 9
756 977 5
757 20 2
757 62 7
757 96 10
757 167 1
757 247 5
757 280 2
757 389 8
757 572 3
757 589 2
757 606 6
757 869 3
758 45 10
758 226 6
758 308 8
758 580 2
758 669 8
758 793 3
758 829 2
758 834 2
759 346 8
759 504 9
759 543 2
759 556 1
759 576 1
759 759 2
759 857 7
760 23 9
760 223 4
760 236 7
760 404 10
760 421 2
760 728 2
760 875 8
760 885 4
760 979 8
760 1000 2
761 88 3
761 209 8
761 272 10
761 322 8
761 568 3
761 641 10
761 686 3
761 695 9
761 908 10
762 245 4
762 277 5
762 373 5
762 439 7
762 916 4
762 954 2
763 76 9
763 218 8
763 306 2
763 465 8
763 593 1
763 636 6
763 668 10
764 304 9
764 344 2
764 373 2
764 433 4
764 478 8
764 617 5
764 639 10
764 693 3
764 872 6
764 945 9
764 960 4
765 61 1
765 104 10
765 333 1
765 404 9
765 725 4
765 885 5
765 990 9
766 240 6
766 494 4
766 603 2
766 887 8
766 924 5
766 985 10
767 143 10
767 281 2
767 653 8
767 671 3
767 776 6
768 72 7
768 132 8
768 406 2
768 464 6
768 560 6
768 599 1
768 714 7
768 880 8
769 289 8
769 343 10
769 404 7
769 462 9
769 680 7
769 801 6
769 879 10
769 962 2
770 284 8
770 541 9
770 593 6
770 612 8
770 977 5
771 606 1
771 903 10
771 925 5
772 60 1
772 550 7
772 802 9
772 851 10
772 912 7
772 970 5
773 2 4
773 107 1
773 169 10
773 214 8
773 404 10
773 412 2
773 531 3
773 910 5
774 76 9
774 240 4
774 390 3
774 892 7
775 35 4
775 254 8
775 346 9
775 423 4
775 461 9
775 616 9
775 617 10
775 705 5
775 936 2
775 948 8
776 227 9
776 353 9
776 536 7
776 553 7
776 560 2
776 567 2
776 649 2
776 858 6
776 883 7
777 53 4
777 206 7
777 249 5
777 468 5
777 881 9
777 902 2
778 155 7
778 204 1
778 288 5
778 400 2
778 465 8
778 578 6
778 724 4
778 803 10
779 38 1
779 47 7
779 97 8
779 187 7
779 254 7
779 318 9
779 438 10
779 740 7
779 774 1
779 854 5
779 922 6
780 1 6
780 72 4
780 139 7
780 152 7
780 256 7
780 310 4
780 647 4
780 649 8
780 743 2
780 833 9
780 980 3
781 26 3
781 108 6
781 164 9
781 203 10
781 612 7
782 214 2
782 306 4
782 451 8
782 613 1
782 728 4
782 974 1
783 7 7
783 122 10
783 124 5
783 274 6
783 283 5
783 398 3
783 428 3
783 511 5
783 630 10
783 665 10
783 678 8
784 1 3
784 132 5
784 222 10
784 230 4
784 247 8
784 538 7
784 586 9
784 773 10
784 948 1
785 77 10
785 114 3
785 193 2
785 227 4
785 393 7
785 401 9
785 433 7
785 549 9
785 574 10
785 853 1
786 154 8
786 190 3
786 318 7
786 409 6
786 623 9
786 722 5
786 857 6
787 37 8
787 83 3
787 86 3
787 162 3
787 188 10
787 353 4
787 460 2
787 506 4
787 565 8
787 884 4
787 932 1
788 387 7
788 413 9
788 479 5
788 544 6
788 711 4
788 749 8
788 965 7
788 987 8
789 103 5
789 139 9
789 406 6
789 467 1
789 650 6
789 690 1
789 796 6
789 879 4
789 956 6
789 981 6
790 5 7
790 52 7
790 101 7
790 491 1
790 511 10
790 610 3
790 628 1
790 860 2
790 894 4
791 17 7
791 39 9
791 107 4
791 166 9
791 296 8
791 431 10
791 534 10
791 647 9
791 674 7
791 701 5
791 729 4
791 779 10
791 811 7
791 946 9
792 93 6
792 162 3
792 200 9
792 212 10
792 345 6
792 348 9
792 463 7
792 880 4
792 969 9
793 96 9
793 152 2
793 334 7
793 434 10
793 596 10
793 743 2
793 890 6
793 947 8
793 949 4
794 159 6
794 192 10
794 276 2
794 388 5
794 428 4
794 570 2
795 87 9
795 123 3
795 239 10
795 626 4
795 639 5
795 898 5
795 941 10
795 983 1
796 218 4
796 450 2
796 506 6
796 886 1
796 898 4
797 168 6
797 327 2
797 348 2
797 428 7
797 530 8
797 596 6
797 846 9
797 905 1
798 43 7
798 95 4
798 172 1
798 407 5
798 743 2
798 754 4
798 869 5
798 958 5
799 62 7
799 102 5
799 118 2
799 258 4
799 271 2
799 517 3
799 527 10
799 532 10
799 539 8
800 118 9
800 136 9
800 186 7
800 263 7
800 398 3
801 74 8
801 236 7
801 414 9
801 527 2
801 545 6
801 562 5
801 689 10
801 719 1
801 722 3
801 868 10
802 10 3
802 166 3
802 363 6
803 163 8
803 168 4
803 245 9
803 312 8
803 465 3
803 504 10
804 232 2
804 388 2
804 767 1
805 145 6
805 380 9
805 409 3
805 503 6
805 620 2
805 627 10
805 688 4
805 938 9
806 78 9
806 105 9
806 567 2
806 920 10
806 948 5
807 113 2
807 379 5
807 427 1
807 507 3
807 528 1
807 576 8
807 621 5
807 763 5
807 776 9
808 24 2
808 99 3
808 299 1
808 301 2
808 443 2
808 446 2
808 544 1
808 579 6
808 599 7
808 797 1
808 839 5
808 916 7
808 992 4
809 68 6
809 129 2
809 212 4
809 216 7
809 229 8
809 252 10
809 392 10
809 413 6
809 431 3
809 446 2
809 502 8
809 718 4
809 778 9
810 102 7
810 136 7
810 151 3
810 209 10
810 264 7
810 333 8
810 454 1
810 507 5
810 512 1
810 649 1
810 747 3
810 885 8
810 989 4
810 990 4
811 1 3
811 123 9
811 177 7
811 219 2
811 236 2
811 313 6
811 338 4
811 461 8
811 857 2
811 951 8
812 338 10
812 569 7
812 669 9
812 729 9
813 313 7
813 316 8
813 424 6
813 760 1
813 972 7
814 14 2
814 210 4
814 394 2
814 678 3
814 684 10
814 817 7
814 828 8
814 835 3
814 962 9
815 57 7
815 416 8
815 441 9
815 504 10
815 605 3
815 734 4
815 854 1
815 883 6
815 926 5
816 74 9
816 397 1
816 410 2
816 628 8
816 654 4
816 675 8
816 677 8
816 708 3
816 858 8
816 904 8
816 927 4
817 197 8
817 223 3
817 255 9
817 300 3
817 435 4
817 455 5
817 462 6
817 825 10
817 884 7
818 6 4
818 57 7
818 306 10
818 513 2
818 542 1
818 687 6
818 697 7
818 853 7
818 930 7
818 935 7
819 310 7
819 324 10
819 348 9
819 389 3
819 440 4
819 569 5
819 825 7
819 880 1
819 956 8
820 210 10
820 321 5
820 483 9
820 711 1
820 810 9
820 827 4
820 907 5
820 925 3
821 14 5
821 42 6
821 104 9
821 227 3
821 267 8
821 378 6
821 430 5
821 528 5
821 599 8
821 626 9
821 974 8
822 12 6
822 20 1
822 122 7
822 123 7
822 352 3
822 363 10
822 376 8
822 581 8
822 627 3
822 848 2
823 107 4
823 130 9
823 143 8
823 181 2
823 316 8
824 101 8
824 107 1
824 125 3
824 228 1
824 532 4
824 599 9
824 681 5
824 741 4
824 780 4
824 809 9
825 8 10
825 64 8
825 110 4
825 136 10
825 211 9
825 384 5
825 527 2
825 600 4
825 619 6
825 651 6
825 732 2
825 870 5
825 887 6
825 892 5
825 957 7
826 123 2
826 140 8
826 148 6
826 261 4
826 331 7
826 333 8
826 375 7
826 553 10
826 750 4
826 857 6
826 886 5
826 921 3
827 22 1
827 24 1
827 172 1
827 590 4
827 648 4
827 675 5
827 770 2
828 152 7
828 260 5
828 423 6
828 496 6
828 686 6
828 702 3
828 709 3
828 952 9
829 3 8
829 108 7
829 529 10
829 580 7
829 763 2
829 857 5
830 53 7
830 113 8
830 118 8
830 150 2
830 397 4
830 400 10
830 449 5
830 559 5
830 608 10
830 613 2
830 617 3
830 759 10
830 823 3
830 909 3
830 924 1
831 12 8
831 297 10
831 343 1
831 514 2
831 518 7
831 803 5
831 856 7
831 968 6
832 200 9
832 240 7
832 254 9
832 266 7
832 284 3
832 929 1
833 40 4
833 183 10
833 824 9
833 912 3
833 958 4
834 23 2
834 313 4
834 471 9
834 743 10
834 829 8
835 62 4
835 206 3
835 619 2
835 650 1
835 654 7
835 857 2
835 989 5
836 73 7
836 210 2
836 641 5
836 927 1
837 13 3
837 49 7
837 639 10
837 728 7
838 355 9
838 400 2
838 576 4
838 594 10
838 620 2
838 724 1
838 934 3
838 950 10
839 17 9
839 32 4
839 121 4
839 260 5
839 268 3
839 300 10
839 391 6
839 417 5
839 430 9
839 641 2
839 644 5
839 661 10
839 788 2
839 807 4
839 883 8
839 952 8
839 995 6
840 703 3
841 75 5
841 382 8
841 555 2
841 895 1
842 153 4
842 225 1
842 266 1
842 624 8
842 835 5
842 958 9
843 97 7
843 171 9
843 216 5
843 218 9
843 744 10
843 813 4
843 895 2
843 955 4
844 111 6
844 122 2
844 488 3
844 534 1
844 577 8
844 695 4
844 719 6
844 798 4
844 856 7
845 35 7
845 63 3
845 149 7
845 223 4
845 297 4
845 735 7
845 850 4
845 944 4
845 982 9
845 984 10
846 394 9
846 404 4
846 496 4
846 549 4
846 824 6
846 846 2
847 224 10
847 228 2
847 274 1
847 446 9
847 478 8
847 562 8
847 622 6
847 690 10
847 917 5
848 80 6
848 168 8
848 341 1
848 426 10
848 429 6
848 430 10
848 526 9
848 575 2
848 585 1
848 662 5
848 672 4
848 735 8
848 766 2
848 772 9
848 779 7
848 792 10
848 918 4
849 177 10
849 228 7
849 401 10
849 591 9
849 974 2
850 87 9
850 117 7
850 278 7
850 304 7
850 328 8
850 428 3
850 487 10
850 528 2
850 571 8
850 808 6
850 895 8
850 900 5
850 968 9
851 86 8
851 428 4
851 728 6
851 748 9
851 753 6
851 779 9
852 141 4
852 172 10
852 204 8
852 355 4
852 397 10
852 450 3
852 481 6
852 514 4
853 23 2
853 24 7
853 25 3
853 256 4
853 315 3
853 351 4
853 355 7
853 479 2
853 539 6
853 685 8
853 803 5
853 822 6
853 857 3
853 864 5
853 960 4
854 25 6
854 435 6
854 450 4
854 489 9
854 641 8
854 826 1
855 84 1
855 340 5
855 487 10
855 624 9
855 687 10
855 891 8
855 926 5
856 104 1
856 252 4
856 729 4
857 252 10
857 255 10
857 294 8
857 453 2
857 512 10
857 563 8
857 566 10
857 991 2
858 452 7
858 539 5
858 713 7
858 796 4
858 827 8
858 899 1
858 979 9
859 178 1
859 642 9
859 680 6
859 695 6
859 722 7
859 723 7
859 786 4
860 228 4
860 433 6
860 777 8
860 807 9
861 224 5
861 313 10
861 545 7
861 550 10
861 574 5
861 910 3
861 942 10
862 91 1
862 111 5
862 302 2
862 406 4
862 455 6
862 710 6
862 725 1
862 762 9
862 781 1
862 786 3
862 823 1
862 934 9
863 4 9
863 34 10
863 82 7
863 131 5
863 234 8
863 582 3
863 657 9
863 680 10
863 931 8
863 971 5
863 994 4
864 20 3
864 259 3
864 354 6
864 572 3
864 598 3
864 688 7
864 717 9
864 768 1
864 851 9
865 125 9
865 402 7
865 405 6
865 531 6
865 618 3
865 621 7
865 788 6
865 846 4
865 875 3
866 105 6
866 195 10
866 237 3
866 313 8
866 767 1
866 852 1
866 927 8
867 70 7
867 222 9
867 233 7
867 326 6
867 350 4
867 414 7
867 583 3
867 654 10
867 868 9
867 871 3
868 56 8
868 185 5
868 276 6
868 321 10
868 492 2
868 788 5
868 804 1
869 18 10
869 36 10
869 189 6
869 413 3
869 494 4
869 499 9
869 520 7
869 603 2
869 619 6
869 666 9
869 756 5
869 872 10
869 880 10
869 959 2
870 186 2
870 295 3
870 561 1
870 865 5
871 68 6
871 301 9
871 396 7
871 408 3
871 535 9
871 541 1
871 646 9
871 764 5
871 806 10
871 839 4
871 877 8
872 142 6
872 147 4
872 305 5
872 315 6
872 319 1
872 424 3
872 458 5
872 587 8
872 680 10
873 243 4
873 260 7
873 384 7
873 425 10
873 458 3
873 540 8
873 550 6
873 553 3
873 743 6
873 854 4
873 871 9
873 954 4
873 988 2
874 77 10
874 457 10
874 639 6
874 660 7
874 679 2
875 218 7
875 469 10
875 671 5
875 691 9
875 950 4
875 974 6
876 6 7
876 28 4
876 202 4
876 281 9
876 348 6
876 398 4
876 621 2
877 362 4
877 448 3
877 585 1
877 827 10
877 978 1
878 93 2
878 305 9
878 446 1
878 488 7
878 603 5
878 658 1
878 683 1
878 709 2
878 714 10
878 750 7
878 915 9
878 968 3
879 3 8
879 144 6
879 166 10
879 170 4
879 467 7
879 518 7
879 735 9
879 842 4
880 60 8
880 84 5
880 112 8
880 120 8
880 344 2
880 443 10
880 511 8
880 778 3
880 790 1
880 832 6
880 894 9
880 967 9
881 52 4
881 81 2
881 426 9
881 433 4
881 467 5
881 472 10
881 579 2
881 594 6
881 720 5
881 798 5
881 807 5
881 890 7
881 891 8
881 899 6
881 939 4
882 32 6
882 124 4
882 488 6
882 609 7
882 757 6
883 174 10
883 192 7
883 250 4
883 322 2
883 349 9
883 513 10
883 528 1
883 600 9
883 749 4
884 375 7
884 400 3
884 762 5
885 23 1
885 442 6
885 532 5
885 536 9
885 541 10
885 800 10
885 966 3
885 992 4
886 228 9
886 328 2
886 334 8
886 376 10
886 461 4
886 629 4
886 989 7
887 49 2
887 299 3
887 316 9
887 406 6
887 440 5
887 469 1
887 472 8
887 527 10
887 990 9
888 3 7
888 33 9
888 34 10
888 43 8
888 126 5
888 156 9
888 267 5
888 363 9
888 364 5
888 396 3
888 427 5
888 429 1
888 434 6
888 635 1
888 776 3
888 857 1
888 887 6
889 283 5
889 335 3
889 406 7
889 859 9
889 947 10
890 166 1
890 391 5
890 539 10
890 737 4
890 808 2
890 852 10
890 909 7
890 955 5
891 123 10
891 151 1
891 384 4
891 765 2
892 7 5
892 131 5
892 135 6
892 435 5
892 506 8
892 954 1
893 282 6
893 406 10
893 426 9
893 442 6
893 926 1
894 15 8
894 489 9
894 538 7
894 742 1
894 766 8
894 944 9
895 51 5
895 291 10
895 486 3
895 488 8
895 725 2
895 832 9
896 43 2
896 55 9
896 139 4
896 146 5
896 450 10
896 497 4
896 665 5
896 666 4
896 780 8
896 970 6
897 5 8
897 159 2
897 174 4
897 443 1
897 547 9
897 574 5
897 702 9
897 775 6
897 827 9
897 951 10
897 952 8
898 56 2
898 158 7
898 318 5
898 344 8
898 386 2
898 440 8
898 443 4
898 487 5
898 558 8
898 796 6
898 801 9
899 88 6
899 184 9
899 221 2
899 351 8
899 369 9
899 374 9
899 508 4
899 628 1
899 821 4
899 921 1
899 963 10
899 968 2
899 970 9
900 56 7
900 450 9
900 478 10
900 494 8
900 534 6
900 646 8
900 710 9
900 728 4
900 835 2
901 215 7
901 847 2
901 945 6
901 954 6
902 91 4
902 171 9
902 221 5
902 337 7
902 577 1
902 681 2
902 713 3
902 767 3
902 840 5
902 842 3
902 871 7
902 977 10
903 89 7
903 182 7
903 310 6
903 714 2
903 895 8
904 146 6
904 197 2
904 371 2
904 524 2
904 702 4
904 887 6
904 888 8
905 17 7
905 47 2
905 585 4
905 716 2
905 779 9
905 804 6
905 931 2
905 991 5
906 250 4
906 323 10
906 373 7
906 419 4
906 652 6
906 711 10
906 993 10
907 49 3
907 236 4
907 240 3
907 317 5
907 354 1
907 452 4
907 842 10
907 891 4
907 984 2
908 266 5
908 464 5
908 564 7
908 617 8
908 668 10
909 39 5
909 134 5
909 201 8
909 570 10
909 628 8
909 726 3
909 863 10
909 864 8
909 897 9
910 189 10
910 266 9
910 836 8
910 867 7
910 995 3
911 287 4
911 373 4
911 452 6
911 488 9
911 506 2
911 614 10
911 992 7
912 207 4
912 320 10
912 354 7
912 508 1
912 579 4
912 589 8
912 673 10
912 731 8
912 971 4
913 68 4
913 185 1
913 222 4
913 335 8
913 492 5
913 738 4
913 844 1
914 107 5
914 126 4
914 289 1
914 303 1
914 373 10
914 544 4
914 590 5
915 11 9
915 57 5
915 65 7
915 80 10
915 294 4
915 318 8
915 381 3
915 522 6
915 536 7
915 668 6
915 878 7
915 922 9
915 925 1
916 15 8
916 44 9
916 523 1
916 619 5
916 627 2
916 630 3
916 757 2
916 851 8
916 952 8
917 418 5
917 451 7
917 624 6
917 676 1
917 693 9
917 712 4
917 799 9
918 5 8
918 63 8
918 131 6
918 474 9
918 589 7
918 822 1
918 935 10
919 64 1
919 360 8
919 411 3
919 522 9
919 651 9
919 940 2
920 26 5
920 426 3
920 480 3
920 519 10
920 845 4
920 861 4
920 899 4
920 963 6
920 991 7
921 21 1
921 75 5
921 236 4
921 272 10
921 493 10
921 581 2
921 625 8
921 651 9
921 822 3
922 3 4
922 279 10
922 283 2
922 310 8
922 577 3
922 600 3
922 841 9
922 917 9
922 931 10
922 948 4
922 987 6
923 6 7
923 126 9
923 287 6
923 424 3
923 533 6
923 591 6
923 748 10
923 838 6
924 15 6
924 161 3
924 414 1
924 469 7
924 485 7
924 626 2
924 780 7
924 967 4
925 74 4
925 173 7
925 185 9
925 217 2
925 324 4
925 325 6
925 386 6
925 520 6
925 628 6
925 652 1
925 693 10
925 750 7
925 852 7
925 943 6
926 118 9
926 180 5
926 263 2
926 304 10
926 343 8
926 575 9
926 576 10
926 605 5
926 776 4
926 793 3
926 986 3
927 285 1
927 298 3
927 745 4
928 21 10
928 108 1
928 169 2
928 400 4
928 464 5
928 613 9
928 788 10
928 933 4
929 65 6
929 359 2
929 698 6
929 959 9
930 136 6
930 177 8
930 189 8
930 190 9
930 226 9
930 495 9
930 510 8
930 530 1
930 599 10
930 614 6
930 721 7
930 784 6
930 789 4
930 962 7
931 10 4
931 127 7
931 163 1
931 164 2
931 313 4
931 353 5
931 635 3
931 650 2
931 712 7
931 748 3
932 90 10
932 129 5
932 198 3
932 510 3
932 611 6
932 638 10
932 682 4
933 110 4
933 182 5
933 296 6
933 479 6
933 500 4
933 615 3
933 621 1
933 643 9
933 675 10
933 736 3
933 812 3
934 91 4
934 112 9
934 192 5
934 217 3
934 524 9
934 623 2
934 644 1
934 918 4
935 102 3
935 181 8
935 277 3
935 386 1
935 484 1
935 910 9
936 374 4
936 441 5
936 679 3
936 694 8
936 753 7
937 122 7
937 248 4
937 262 6
937 378 9
937 449 7
937 518 3
937 903 1
938 47 8
938 228 10
938 254 2
938 276 4
938 354 9
938 431 6
938 445 7
938 480 9
938 740 4
938 822 2
938 859 8
938 902 2
938 963 1
939 30 6
939 537 10
939 556 10
939 560 5
939 655 10
939 665 4
939 794 4
939 834 10
939 872 7
939 896 1
939 962 8
939 982 9
939 985 3
940 127 9
940 233 10
940 243 5
940 478 1
940 492 6
940 598 10
940 756 7
940 773 3
940 983 3
941 32 1
941 139 1
941 141 2
941 158 10
941 172 2
941 316 4
941 393 2
941 443 8
941 475 9
941 596 9
941 601 3
941 783 4
941 802 4
941 816 10
941 817 1
941 862 8
941 900 1
942 135 3
942 187 3
942 234 8
942 391 3
942 778 6
942 833 7
942 956 8
942 958 6
942 966 2
942 1000 5
943 158 1
943 438 2
943 487 9
943 617 10
943 695 7
943 790 7
943 987 4
944 101 5
944 152 7
944 200 4
944 410 2
944 466 10
944 525 2
944 550 8
944 683 7
944 831 5
945 89 10
945 248 4
945 744 7
945 821 8
945 879 10
945 890 6
945 969 3
946 116 7
946 462 9
946 630 4
946 653 2
946 820 4
946 845 8
946 867 7
946 981 6
947 29 7
947 74 2
947 524 4
947 630 6
947 811 4
947 897 7
947 952 2
947 996 7
948 33 9
948 141 6
948 237 3
948 240 1
948 267 8
948 327 2
948 905 4
949 177 3
949 378 1
949 380 9
949 563 2
949 632 1
949 809 1
949 927 4
949 941 4
949 977 1
950 265 3
950 373 4
950 615 5
950 669 9
950 790 1
950 897 2
951 496 3
951 526 2
951 546 2
951 597 3
951 783 6
951 870 9
951 978 3
952 86 9
952 131 10
952 194 7
952 262 9
952 453 1
952 633 1
952 694 4
952 737 1
952 861 1
953 58 7
953 85 8
953 220 7
953 374 7
953 380 10
954 56 3
954 129 5
954 242 7
954 492 6
954 569 5
954 576 6
954 606 10
954 627 5
954 895 1
955 46 2
955 355 6
955 388 6
955 632 7
955 657 7
955 809 7
955 908 1
956 55 1
956 295 7
956 623 5
956 672 8
956 673 10
956 683 3
956 777 4
956 795 9
957 130 8
957 329 8
957 623 6
957 735 1
957 749 5
957 813 4
957 868 8
957 924 10
957 952 2
958 100 9
958 414 7
958 621 5
958 777 4
958 947 5
959 119 6
959 228 8
959 262 9
959 272 7
959 303 2
959 370 7
959 447 1
959 654 6
959 674 10
959 676 1
959 699 7
959 785 4
959 948 8
960 365 10
960 435 2
960 503 8
960 560 5
960 631 9
960 927 6
960 972 4
960 977 1
961 91 3
961 252 7
961 464 2
961 525 8
961 577 7
961 615 7
961 968 2
961 978 6
962 28 9
962 70 7
962 100 3
962 355 7
962 366 6
962 437 9
962 847 5
963 173 7
963 211 1
963 295 2
963 297 3
963 360 9
963 748 8
963 769 3
963 912 9
963 956 10
963 980 8
964 64 8
964 134 1
964 408 1
964 436 7
964 519 8
964 669 2
964 947 7
965 47 7
965 54 7
965 357 2
965 396 2
965 467 4
965 737 4
965 776 6
965 927 7
966 32 5
966 35 4
966 192 7
966 861 6
966 919 9
966 955 10
967 32 9
967 46 1
967 178 2
967 443 3
967 449 2
967 480 5
967 577 8
967 618 7
967 687 9
967 723 1
967 895 3
967 966 7
968 19 7
968 72 5
968 416 1
968 577 7
968 733 6
968 925 5
968 997 9
969 28 9
969 58 3
969 201 8
969 620 8
969 945 5
970 81 4
970 226 6
970 276 7
970 476 3
970 528 2
970 730 5
970 779 8
970 803 6
970 913 2
970 931 4
970 997 7
971 30 5
971 174 4
971 238 10
971 261 9
971 407 8
971 510 3
971 522 1
971 700 2
971 830 3
971 831 8
971 936 1
972 209 4
972 389 4
972 498 3
972 676 6
973 31 4
973 55 6
973 133 1
973 170 5
973 193 4
973 553 9
973 569 9
973 720 3
973 755 6
973 948 9
973 983 5
974 3 5
974 72 7
974 175 3
974 186 1
974 267 2
974 315 3
974 445 3
974 631 1
974 922 2
974 955 10
975 39 6
975 550 7
975 626 5
975 646 7
975 937 7
975 999 2
976 495 5
976 538 8
976 549 9
976 574 9
976 657 1
976 797 7
976 834 1
977 85 5
977 167 7
977 212 9
977 413 6
977 484 9
977 768 6
977 914 5
978 44 5
978 231 1
978 269 5
978 355 10
978 373 2
978 725 3
978 849 8
978 862 7
979 370 8
979 468 1
979 611 3
979 674 4
979 794 10
980 287 9
980 413 2
980 716 3
981 54 4
981 169 10
981 186 2
981 222 8
981 607 2
981 651 10
981 652 1
981 810 8
981 914 8
982 83 6
982 184 7
982 269 4
982 527 5
982 671 1
982 798 3
982 938 5
983 95 1
983 113 9
983 382 3
983 664 8
983 752 1
983 828 10
984 3 3
984 53 9
984 87 2
984 208 10
984 209 7
984 281 3
984 362 3
984 439 3
984 659 6
984 663 5
984 717 1
985 127 1
985 142 10
985 160 9
985 203 3
985 237 1
985 292 7
985 321 4
985 403 3
985 671 1
985 704 1
985 742 6
985 784 4
985 799 9
985 865 10
985 882 8
985 890 3
985 952 7
985 958 9
985 976 7
986 18 2
986 52 8
986 173 7
986 184 10
986 238 5
986 685 9
986 812 1
986 824 2
986 842 10
986 848 7
986 935 4
987 97 6
987 361 7
987 410 6
987 458 3
987 463 9
987 561 2
987 799 9
987 812 9
987 841 1
987 850 9
987 979 3
988 14 6
988 144 4
988 351 4
988 421 6
988 423 1
988 572 7
988 731 6
988 928 10
989 23 9
989 191 3
989 254 9
989 366 9
989 383 5
989 731 2
989 780 5
989 797 9
989 864 1
990 59 10
990 408 10
990 613 3
990 648 4
990 829 10
990 866 8
990 908 10
990 915 3
991 183 7
991 225 9
991 310 1
991 436 6
991 448 8
991 457 6
991 633 4
991 694 4
991 791 2
992 211 10
992 572 5
992 651 8
992 874 3
992 956 9
993 98 7
993 338 4
993 349 10
993 553 7
994 40 6
994 242 2
994 253 8
994 324 9
994 350 2
994 463 5
994 636 8
995 213 6
995 340 5
995 407 8
995 713 4
995 765 6
995 912 9
996 202 3
996 274 6
996 287 6
996 321 1
996 394 4
996 558 6
996 771 9
996 808 4
996 885 5
997 72 6
997 104 9
997 205 10
997 240 2
997 468 7
997 598 6
997 684 3
997 710 5
997 998 10
998 143 1
998 165 6
998 253 1
998 377 5
998 477 1
998 523 4
998 738 6
998 902 1
999 99 4
999 137 6
999 191 4
999 208 6
999 404 2
999 823 3
999 872 9
1000 6 3
1000 128 4
1000 151 1
1000 319 4
1000 391 9
1000 435 2
1000 597 3
1000 684 3
