500
1 73 8
1 6 1
1 456 1
1 335 2
1 124 10
1 112 5
1 419 8
1 489 10
1 195 1
1 37 8
2 444 2
2 404 3
2 212 10
2 135 5
2 467 9
2 213 1
2 388 3
2 12 7
2 421 2
2 258 8
3 136 5
3 326 5
3 425 8
3 288 6
3 17 7
3 215 6
3 339 10
3 449 9
3 420 2
3 271 5
4 32 4
4 23 4
4 197 9
4 143 2
4 209 1
4 12 5
4 206 3
4 51 1
4 203 8
4 174 3
5 10 10
5 98 5
5 325 3
5 331 9
5 63 5
5 134 5
5 431 6
5 436 7
5 272 4
5 458 9
6 112 5
6 446 5
6 42 2
6 258 2
6 117 4
6 293 4
6 377 3
6 495 8
6 448 6
6 394 7
7 133 1
7 492 2
7 100 7
7 273 3
7 349 7
7 24 10
7 437 10
7 263 10
7 125 4
7 498 7
8 315 2
8 374 3
8 113 1
8 228 4
8 456 1
8 471 6
8 362 5
8 456 1
8 63 9
8 168 5
9 413 2
9 283 6
9 184 10
9 126 6
9 149 1
9 130 9
9 138 1
9 55 4
9 94 3
9 299 3
10 323 7
10 216 10
10 334 4
10 235 6
10 172 2
10 327 8
10 310 5
10 453 2
10 394 2
10 411 7
11 308 5
11 362 3
11 340 7
11 382 10
11 455 9
11 146 3
11 367 10
11 347 10
11 105 10
11 226 4
12 390 2
12 242 7
12 249 5
12 85 10
12 13 7
12 229 1
12 219 3
12 432 6
12 203 4
12 171 4
13 188 10
13 368 4
13 309 9
13 274 9
13 1 4
13 455 7
13 289 2
13 499 5
13 345 9
13 290 5
14 153 4
14 385 5
14 346 3
14 73 7
14 405 3
14 330 6
14 411 1
14 85 9
14 255 5
14 202 4
15 90 4
15 140 3
15 466 3
15 139 6
15 19 4
15 138 4
15 31 1
15 17 9
15 309 5
15 168 3
16 168 2
16 55 7
16 62 3
16 320 1
16 330 7
16 174 3
16 294 1
16 446 6
16 318 1
16 290 2
17 206 3
17 379 6
17 255 8
17 412 9
17 19 9
17 144 9
17 436 10
17 489 2
17 275 4
17 11 5
18 155 3
18 63 2
18 333 4
18 381 5
18 29 9
18 74 10
18 238 3
18 211 3
18 87 6
18 464 8
19 143 10
19 14 4
19 124 8
19 67 9
19 269 9
19 370 10
19 411 8
19 419 1
19 444 7
19 463 1
20 204 10
20 366 1
20 488 3
20 332 1
20 25 3
20 460 7
20 334 2
20 22 9
20 239 10
20 10 1
21 346 5
21 125 3
21 94 6
21 427 2
21 379 9
21 45 4
21 444 5
21 37 10
21 11 8
21 70 10
22 229 6
22 208 1
22 351 1
22 212 5
22 294 5
22 189 9
22 95 2
22 440 1
22 287 8
22 88 10
23 408 7
23 266 8
23 28 6
23 8 6
23 254 2
23 356 2
23 341 4
23 407 5
23 345 5
23 88 1
24 142 5
24 308 1
24 491 2
24 378 2
24 1 9
24 224 6
24 142 5
24 349 9
24 270 6
24 89 4
25 331 10
25 426 7
25 255 9
25 148 7
25 52 8
25 299 4
25 140 7
25 82 3
25 240 5
25 264 4
26 24 4
26 305 1
26 346 5
26 412 5
26 364 1
26 134 7
26 488 6
26 396 7
26 316 2
26 413 1
27 195 1
27 125 6
27 27 5
27 364 10
27 203 5
27 85 8
27 384 3
27 46 7
27 115 5
27 378 10
28 8 5
28 297 5
28 152 5
28 301 2
28 429 1
28 394 6
28 475 2
28 82 6
28 409 2
28 221 8
29 293 7
29 410 2
29 244 4
29 369 7
29 218 4
29 165 3
29 130 6
29 456 6
29 309 2
29 270 7
30 452 3
30 373 7
30 468 5
30 336 4
30 27 8
30 88 8
30 432 1
30 463 6
30 470 10
30 345 10
31 260 1
31 160 8
31 9 3
31 43 3
31 433 10
31 50 3
31 203 7
31 14 2
31 186 6
31 341 8
32 28 6
32 113 3
32 335 6
32 274 10
32 3 5
32 29 2
32 75 5
32 496 10
32 276 7
32 476 9
33 397 7
33 166 3
33 214 6
33 13 6
33 13 6
33 309 1
33 448 4
33 319 2
33 45 10
33 32 4
34 180 3
34 207 3
34 492 3
34 25 7
34 220 3
34 170 7
34 175 9
34 415 6
34 238 4
34 339 9
35 66 4
35 88 1
35 172 10
35 490 1
35 312 4
35 257 9
35 318 10
35 357 3
35 393 1
35 265 6
36 437 1
36 102 1
36 216 7
36 387 1
36 401 7
36 450 1
36 448 7
36 425 10
36 40 7
36 59 2
37 279 3
37 137 6
37 142 8
37 190 1
37 29 7
37 140 4
37 155 6
37 59 8
37 252 10
37 323 3
38 339 6
38 333 6
38 22 7
38 179 5
38 126 5
38 206 1
38 365 10
38 307 7
38 22 7
38 274 2
39 178 10
39 75 1
39 223 6
39 161 7
39 69 2
39 189 2
39 461 8
39 209 5
39 85 5
39 307 5
40 375 9
40 410 1
40 364 6
40 37 2
40 237 4
40 385 9
40 439 5
40 262 9
40 222 3
40 245 9
41 22 7
41 49 5
41 141 6
41 114 4
41 19 1
41 217 2
41 239 3
41 79 5
41 68 8
41 159 2
42 116 1
42 363 8
42 343 1
42 167 4
42 385 1
42 268 3
42 345 1
42 2 7
42 199 5
42 146 10
43 164 1
43 122 3
43 248 5
43 459 4
43 298 5
43 481 3
43 453 5
43 306 7
43 409 10
43 221 7
44 151 4
44 438 4
44 302 8
44 237 5
44 375 10
44 150 7
44 204 7
44 388 2
44 293 3
44 413 1
45 132 9
45 499 8
45 37 9
45 94 8
45 410 9
45 78 4
45 500 7
45 400 6
45 406 5
45 493 2
46 236 3
46 204 5
46 319 7
46 326 7
46 489 10
46 286 4
46 226 8
46 184 4
46 413 5
46 382 2
47 320 2
47 53 3
47 138 9
47 384 8
47 127 2
47 71 3
47 256 5
47 452 5
47 343 9
47 405 4
48 416 10
48 406 2
48 493 3
48 403 5
48 325 5
48 306 5
48 53 6
48 134 5
48 16 4
48 308 10
49 23 4
49 421 8
49 369 6
49 388 9
49 218 9
49 280 7
49 283 9
49 88 3
49 23 4
49 118 6
50 9 9
50 138 5
50 1 5
50 23 5
50 9 9
50 205 10
50 406 3
50 268 5
50 47 7
50 434 1
51 69 3
51 156 1
51 333 5
51 362 7
51 405 6
51 278 7
51 169 10
51 175 10
51 198 5
51 453 3
52 4 1
52 38 1
52 254 7
52 427 6
52 380 6
52 34 8
52 333 2
52 402 4
52 291 2
52 93 5
53 194 3
53 298 1
53 182 1
53 156 8
53 335 4
53 370 10
53 46 2
53 456 2
53 177 10
53 24 3
54 384 3
54 301 5
54 55 6
54 458 7
54 119 7
54 414 4
54 271 3
54 221 4
54 197 5
54 79 1
55 305 6
55 146 9
55 478 3
55 44 6
55 57 10
55 1 7
55 283 3
55 382 8
55 34 1
55 155 9
56 58 10
56 438 5
56 435 10
56 324 5
56 433 1
56 16 9
56 278 8
56 214 4
56 369 5
56 205 6
57 442 5
57 485 7
57 461 8
57 383 10
57 254 6
57 454 6
57 177 5
57 87 9
57 318 6
57 166 3
58 496 4
58 480 2
58 248 9
58 263 10
58 302 3
58 58 2
58 354 1
58 109 3
58 186 9
58 276 7
59 171 3
59 316 6
59 458 1
59 216 1
59 110 10
59 120 5
59 363 3
59 246 10
59 431 8
59 29 10
60 439 9
60 303 3
60 497 10
60 129 3
60 138 9
60 144 7
60 248 3
60 340 10
60 86 4
60 110 6
61 193 2
61 398 9
61 166 1
61 340 7
61 20 9
61 207 3
61 367 6
61 70 4
61 63 7
61 134 1
62 435 7
62 192 3
62 498 4
62 188 8
62 142 6
62 260 6
62 359 9
62 268 1
62 129 2
62 93 3
63 452 1
63 425 9
63 242 2
63 247 3
63 180 3
63 440 2
63 428 6
63 16 3
63 298 6
63 368 2
64 335 3
64 117 8
64 317 3
64 25 1
64 26 3
64 309 9
64 173 4
64 180 8
64 227 3
64 371 7
65 82 2
65 143 2
65 168 2
65 24 9
65 156 6
65 386 6
65 194 7
65 20 4
65 74 8
65 284 2
66 450 10
66 282 9
66 157 8
66 215 5
66 474 8
66 317 3
66 451 6
66 37 5
66 437 8
66 474 8
67 100 3
67 407 5
67 185 1
67 499 6
67 177 10
67 469 10
67 420 10
67 363 10
67 198 5
67 109 10
68 27 7
68 435 8
68 12 3
68 390 10
68 158 9
68 215 4
68 237 3
68 304 1
68 123 7
68 32 9
69 469 1
69 452 1
69 402 2
69 424 9
69 45 7
69 85 2
69 483 7
69 471 10
69 179 9
69 483 7
70 375 3
70 237 1
70 178 5
70 227 4
70 53 10
70 161 3
70 395 6
70 152 2
70 421 6
70 413 8
71 137 4
71 214 5
71 459 8
71 421 6
71 315 5
71 224 3
71 28 10
71 257 4
71 254 1
71 497 4
72 131 2
72 12 4
72 353 9
72 276 4
72 356 5
72 220 6
72 362 9
72 384 3
72 6 4
72 499 2
73 133 9
73 173 7
73 269 2
73 250 4
73 312 4
73 78 4
73 47 2
73 75 7
73 271 10
73 450 7
74 99 6
74 226 9
74 355 1
74 127 5
74 17 3
74 119 2
74 317 7
74 332 9
74 447 9
74 481 6
75 21 10
75 416 4
75 487 5
75 52 10
75 25 7
75 412 4
75 284 7
75 415 10
75 305 2
75 420 5
76 478 10
76 273 2
76 65 5
76 17 5
76 438 5
76 124 10
76 155 2
76 337 8
76 308 2
76 221 2
77 219 4
77 374 5
77 343 2
77 9 3
77 206 4
77 45 1
77 331 3
77 228 3
77 156 8
77 20 7
78 121 1
78 278 7
78 284 6
78 357 10
78 309 9
78 463 5
78 289 1
78 311 3
78 92 5
78 146 2
79 409 8
79 298 4
79 223 7
79 422 3
79 486 3
79 326 5
79 67 4
79 454 8
79 232 4
79 178 10
80 284 8
80 98 6
80 488 8
80 337 4
80 183 8
80 77 1
80 402 6
80 196 2
80 330 5
80 316 10
81 5 1
81 379 1
81 208 7
81 61 10
81 457 1
81 14 10
81 448 6
81 461 1
81 269 3
81 383 9
82 172 9
82 145 6
82 208 7
82 96 6
82 201 4
82 440 2
82 317 3
82 5 9
82 431 6
82 293 1
83 81 3
83 389 3
83 164 9
83 297 8
83 31 2
83 208 10
83 392 6
83 163 6
83 471 2
83 132 4
84 238 1
84 216 4
84 427 5
84 106 2
84 63 3
84 403 7
84 401 10
84 346 2
84 303 7
84 446 2
85 315 9
85 479 2
85 43 7
85 202 8
85 244 2
85 419 7
85 183 3
85 238 2
85 163 7
85 301 9
86 75 7
86 70 3
86 122 6
86 166 2
86 75 7
86 1 6
86 303 4
86 466 10
86 24 10
86 487 2
87 122 6
87 67 7
87 456 5
87 262 8
87 185 2
87 320 7
87 265 2
87 389 3
87 123 6
87 290 1
88 75 4
88 495 8
88 479 6
88 175 8
88 470 3
88 233 1
88 19 3
88 386 9
88 312 6
88 236 8
89 138 7
89 177 6
89 425 3
89 248 2
89 125 9
89 247 7
89 177 6
89 128 2
89 460 7
89 63 4
90 173 7
90 16 10
90 144 8
90 239 2
90 406 2
90 254 1
90 123 1
90 168 4
90 131 1
90 319 5
91 451 3
91 131 1
91 436 3
91 109 9
91 207 1
91 288 2
91 118 2
91 128 7
91 193 3
91 393 4
92 58 7
92 181 2
92 447 9
92 173 7
92 35 1
92 446 8
92 174 7
92 191 1
92 294 3
92 449 10
93 129 3
93 361 4
93 94 7
93 495 7
93 416 5
93 479 7
93 158 2
93 280 5
93 403 7
93 46 2
94 252 3
94 401 9
94 208 8
94 96 10
94 43 6
94 449 4
94 318 9
94 19 9
94 477 3
94 434 7
95 150 6
95 60 7
95 298 3
95 436 8
95 121 8
95 353 3
95 357 10
95 152 2
95 288 5
95 12 8
96 129 1
96 86 4
96 275 7
96 387 4
96 141 10
96 296 2
96 276 9
96 260 7
96 305 8
96 376 5
97 217 8
97 254 8
97 356 3
97 376 9
97 407 5
97 246 10
97 468 8
97 360 3
97 499 9
97 188 6
98 196 2
98 192 1
98 90 2
98 297 9
98 391 8
98 156 4
98 72 7
98 240 10
98 422 5
98 488 1
99 99 10
99 380 6
99 477 9
99 150 6
99 133 6
99 74 6
99 488 7
99 235 10
99 239 9
99 142 5
100 62 5
100 457 4
100 175 3
100 391 5
100 459 8
100 206 6
100 217 3
100 124 3
100 199 6
100 179 4
101 245 5
101 45 1
101 204 8
101 27 2
101 37 4
101 17 8
101 406 7
101 161 3
101 65 5
101 128 4
102 72 5
102 313 1
102 381 5
102 408 1
102 161 1
102 156 9
102 497 4
102 125 6
102 394 6
102 242 5
103 373 5
103 325 7
103 369 3
103 240 3
103 472 6
103 54 4
103 167 5
103 132 2
103 52 7
103 434 7
104 345 5
104 265 9
104 468 2
104 255 4
104 333 4
104 45 1
104 441 7
104 75 9
104 208 1
104 205 1
105 388 3
105 254 10
105 123 8
105 28 9
105 173 7
105 397 10
105 188 7
105 108 8
105 365 7
105 280 2
106 201 3
106 327 9
106 325 1
106 317 8
106 277 7
106 418 1
106 446 10
106 163 9
106 233 8
106 143 4
107 70 10
107 164 10
107 374 5
107 497 10
107 113 4
107 388 6
107 37 9
107 160 10
107 241 1
107 230 4
108 46 3
108 74 3
108 365 9
108 254 8
108 206 2
108 33 6
108 214 5
108 151 3
108 15 1
108 192 1
109 320 1
109 382 5
109 146 8
109 300 8
109 239 8
109 383 5
109 214 4
109 228 9
109 468 4
109 69 2
110 293 5
110 373 5
110 3 4
110 491 9
110 317 5
110 295 4
110 243 8
110 106 1
110 17 8
110 283 4
111 259 3
111 368 6
111 101 10
111 352 3
111 400 5
111 220 8
111 185 6
111 84 10
111 81 2
111 217 10
112 35 9
112 429 5
112 157 8
112 231 3
112 318 10
112 38 3
112 218 2
112 315 9
112 293 5
112 200 6
113 354 7
113 157 3
113 14 1
113 292 9
113 404 4
113 279 2
113 366 8
113 273 9
113 162 5
113 22 3
114 133 1
114 246 9
114 75 4
114 400 10
114 149 3
114 323 5
114 209 6
114 434 9
114 375 10
114 295 10
115 381 5
115 75 1
115 226 4
115 486 8
115 94 2
115 217 3
115 191 7
115 235 3
115 77 9
115 370 9
116 82 4
116 464 2
116 10 4
116 240 3
116 349 3
116 413 4
116 16 3
116 291 4
116 185 9
116 163 10
117 422 2
117 168 3
117 421 4
117 391 6
117 187 6
117 383 8
117 401 9
117 120 9
117 181 10
117 46 2
118 287 4
118 381 7
118 22 4
118 338 7
118 403 4
118 264 9
118 304 10
118 110 9
118 15 6
118 221 10
119 387 6
119 230 9
119 415 1
119 454 9
119 153 5
119 204 3
119 288 3
119 407 10
119 14 2
119 158 1
120 216 4
120 131 6
120 78 4
120 214 2
120 499 6
120 413 2
120 469 3
120 52 10
120 103 9
120 154 10
121 46 9
121 358 5
121 60 9
121 445 5
121 9 1
121 254 1
121 491 9
121 253 8
121 304 2
121 353 3
122 118 5
122 476 9
122 199 6
122 467 4
122 367 4
122 245 10
122 289 8
122 11 10
122 103 3
122 355 6
123 340 4
123 177 7
123 391 8
123 259 1
123 38 7
123 223 9
123 498 4
123 112 9
123 432 1
123 358 3
124 30 10
124 201 5
124 98 10
124 347 7
124 187 2
124 43 1
124 316 9
124 258 1
124 336 3
124 210 3
125 349 4
125 195 4
125 485 2
125 29 9
125 52 2
125 2 8
125 135 5
125 3 3
125 361 6
125 44 9
126 406 1
126 395 3
126 402 3
126 398 9
126 138 7
126 206 5
126 74 6
126 162 3
126 117 2
126 144 7
127 391 9
127 45 8
127 222 9
127 271 10
127 197 4
127 214 5
127 195 7
127 426 3
127 116 2
127 102 9
128 334 9
128 60 6
128 336 9
128 460 3
128 376 7
128 415 9
128 77 5
128 203 1
128 24 9
128 424 10
129 382 4
129 143 6
129 149 6
129 123 6
129 332 6
129 432 6
129 404 2
129 123 6
129 281 8
129 311 6
130 359 10
130 281 2
130 335 2
130 71 9
130 201 4
130 210 3
130 332 8
130 420 1
130 26 1
130 366 6
131 39 5
131 376 4
131 463 2
131 297 4
131 124 10
131 462 5
131 444 7
131 97 10
131 200 4
131 437 4
132 259 7
132 237 7
132 331 1
132 106 2
132 220 3
132 34 5
132 283 1
132 496 3
132 477 3
132 213 3
133 162 3
133 286 1
133 402 4
133 60 6
133 251 9
133 400 7
133 207 7
133 369 7
133 424 10
133 325 9
134 499 8
134 432 6
134 131 4
134 295 4
134 462 10
134 344 10
134 331 8
134 314 5
134 40 8
134 36 1
135 164 7
135 340 4
135 230 4
135 258 9
135 233 2
135 219 6
135 346 3
135 195 2
135 471 9
135 199 5
136 175 2
136 447 2
136 357 5
136 384 2
136 244 1
136 396 9
136 264 1
136 325 5
136 33 8
136 202 8
137 99 1
137 280 3
137 102 3
137 428 10
137 339 8
137 341 5
137 196 8
137 121 4
137 386 2
137 198 7
138 398 5
138 154 4
138 426 8
138 468 6
138 1 8
138 37 7
138 368 4
138 63 6
138 173 9
138 339 5
139 409 5
139 390 6
139 407 9
139 473 7
139 117 4
139 187 4
139 124 5
139 145 4
139 3 9
139 79 8
140 375 1
140 360 4
140 50 9
140 215 7
140 310 6
140 135 5
140 299 1
140 431 10
140 466 6
140 159 10
141 476 1
141 3 6
141 131 1
141 497 6
141 314 8
141 101 4
141 204 5
141 40 8
141 391 6
141 383 2
142 298 5
142 268 10
142 409 4
142 432 10
142 37 5
142 188 3
142 75 2
142 474 2
142 251 4
142 302 9
143 217 7
143 272 9
143 194 4
143 52 9
143 400 1
143 8 4
143 58 5
143 372 10
143 27 4
143 287 8
144 46 1
144 465 8
144 328 8
144 378 8
144 120 4
144 421 1
144 281 9
144 367 2
144 78 9
144 13 4
145 214 4
145 198 3
145 290 9
145 298 6
145 459 8
145 397 7
145 24 2
145 141 3
145 95 10
145 170 8
146 131 8
146 65 10
146 202 3
146 468 5
146 102 6
146 272 8
146 39 10
146 480 10
146 11 2
146 353 7
147 406 10
147 338 4
147 221 7
147 61 5
147 213 4
147 407 7
147 122 3
147 243 9
147 413 5
147 289 3
148 5 5
148 430 2
148 473 7
148 224 9
148 286 4
148 492 1
148 342 5
148 482 10
148 422 10
148 44 6
149 357 1
149 148 9
149 276 2
149 438 7
149 6 1
149 77 9
149 351 7
149 394 4
149 161 8
149 336 3
150 407 3
150 433 5
150 280 7
150 455 3
150 427 2
150 477 1
150 486 9
150 466 5
150 431 10
150 40 4
151 154 7
151 233 1
151 474 8
151 386 9
151 75 5
151 163 10
151 188 3
151 431 1
151 162 5
151 218 9
152 461 10
152 382 7
152 146 2
152 185 3
152 154 6
152 326 2
152 112 5
152 223 5
152 273 1
152 204 5
153 17 2
153 140 3
153 366 8
153 97 9
153 67 10
153 77 10
153 62 2
153 78 5
153 273 7
153 77 10
154 232 1
154 448 1
154 244 6
154 314 4
154 262 7
154 225 7
154 297 3
154 61 4
154 499 4
154 77 1
155 100 1
155 403 8
155 345 9
155 288 8
155 218 9
155 109 3
155 150 5
155 29 5
155 444 8
155 51 3
156 148 6
156 212 7
156 444 2
156 150 6
156 419 7
156 310 7
156 249 6
156 161 1
156 181 1
156 364 7
157 153 4
157 108 1
157 445 2
157 17 6
157 98 7
157 307 4
157 144 3
157 441 8
157 401 2
157 482 2
158 235 7
158 224 9
158 446 6
158 231 8
158 466 3
158 293 2
158 459 5
158 95 9
158 372 8
158 474 7
159 237 9
159 165 5
159 308 9
159 357 8
159 317 3
159 26 9
159 471 9
159 413 2
159 441 6
159 331 4
160 208 3
160 341 8
160 362 9
160 144 8
160 438 3
160 418 8
160 88 3
160 451 5
160 284 1
160 40 1
161 405 1
161 365 5
161 291 3
161 366 9
161 303 9
161 358 6
161 141 5
161 266 1
161 154 4
161 177 8
162 437 5
162 117 5
162 349 10
162 355 1
162 370 2
162 123 7
162 423 4
162 18 6
162 270 10
162 223 2
163 47 10
163 410 1
163 26 6
163 360 7
163 176 6
163 195 7
163 84 3
163 81 3
163 26 6
163 141 5
164 82 10
164 236 8
164 145 4
164 237 8
164 337 1
164 417 3
164 448 9
164 282 5
164 342 1
164 1 9
165 317 6
165 500 8
165 308 9
165 133 2
165 452 1
165 376 4
165 319 2
165 126 6
165 115 9
165 453 6
166 345 5
166 488 1
166 418 6
166 124 8
166 39 10
166 149 4
166 390 4
166 244 2
166 82 10
166 89 10
167 195 8
167 200 3
167 114 10
167 381 4
167 381 4
167 247 6
167 66 10
167 233 8
167 197 5
167 255 6
168 59 3
168 42 7
168 464 3
168 418 6
168 459 9
168 425 8
168 92 7
168 458 1
168 48 5
168 70 6
169 12 2
169 303 3
169 318 10
169 469 7
169 299 8
169 104 1
169 67 9
169 440 3
169 293 8
169 77 10
170 362 1
170 286 2
170 450 8
170 327 10
170 173 1
170 11 10
170 389 2
170 338 3
170 251 6
170 53 4
171 48 9
171 466 4
171 143 5
171 5 10
171 132 1
171 51 3
171 409 6
171 60 10
171 64 2
171 247 4
172 58 3
172 253 4
172 133 9
172 419 10
172 357 8
172 116 4
172 163 2
172 276 5
172 466 2
172 25 6
173 414 4
173 242 3
173 297 1
173 398 10
173 147 2
173 149 3
173 399 9
173 142 2
173 267 8
173 184 4
174 327 6
174 263 6
174 272 7
174 287 4
174 265 9
174 385 10
174 255 3
174 20 6
174 38 8
174 433 2
175 207 1
175 231 4
175 76 7
175 35 10
175 350 10
175 314 1
175 477 8
175 237 6
175 395 2
175 84 5
176 475 10
176 100 10
176 214 7
176 113 3
176 151 5
176 395 5
176 83 5
176 449 9
176 378 8
176 470 9
177 199 10
177 442 8
177 73 8
177 196 7
177 270 9
177 473 10
177 422 6
177 371 4
177 397 5
177 477 2
178 351 6
178 321 1
178 264 2
178 469 6
178 331 7
178 434 2
178 78 10
178 20 2
178 73 2
178 460 6
179 464 9
179 221 9
179 491 7
179 37 1
179 377 2
179 415 8
179 3 7
179 144 1
179 488 2
179 415 8
180 279 6
180 365 1
180 154 8
180 109 4
180 471 1
180 235 5
180 267 10
180 37 1
180 460 2
180 163 3
181 326 2
181 235 7
181 266 9
181 92 3
181 137 10
181 366 8
181 64 8
181 122 7
181 187 9
181 393 6
182 325 2
182 475 8
182 379 4
182 6 8
182 90 6
182 316 5
182 303 1
182 250 4
182 162 6
182 8 9
183 439 10
183 347 7
183 139 3
183 167 10
183 170 1
183 465 10
183 348 2
183 195 5
183 466 10
183 367 8
184 167 6
184 485 5
184 217 8
184 100 1
184 467 5
184 362 1
184 224 5
184 430 6
184 382 1
184 258 3
185 99 9
185 457 10
185 1 1
185 27 7
185 369 3
185 202 4
185 497 1
185 371 6
185 33 4
185 475 2
186 399 4
186 285 4
186 136 6
186 367 10
186 85 8
186 402 8
186 272 3
186 376 9
186 238 2
186 33 9
187 294 2
187 205 7
187 216 2
187 443 2
187 257 3
187 472 9
187 334 2
187 122 2
187 327 5
187 418 9
188 317 6
188 174 4
188 240 8
188 160 4
188 336 5
188 182 1
188 299 10
188 48 4
188 267 3
188 443 8
189 20 2
189 442 2
189 52 3
189 307 10
189 239 10
189 415 4
189 394 1
189 51 7
189 411 6
189 171 3
190 238 5
190 280 2
190 223 2
190 477 7
190 136 10
190 496 4
190 165 4
190 85 5
190 233 6
190 62 3
191 146 5
191 463 6
191 120 9
191 497 3
191 116 2
191 265 10
191 343 5
191 384 2
191 209 9
191 182 6
192 5 9
192 337 4
192 369 8
192 235 2
192 390 5
192 468 4
192 370 3
192 214 10
192 62 1
192 90 3
193 71 8
193 191 2
193 484 9
193 335 4
193 63 1
193 287 7
193 241 1
193 72 4
193 384 1
193 106 2
194 312 4
194 151 5
194 4 6
194 371 10
194 93 8
194 491 6
194 86 7
194 274 5
194 309 1
194 198 9
195 350 6
195 331 1
195 65 1
195 43 5
195 285 5
195 127 1
195 199 6
195 221 7
195 2 5
195 376 7
196 458 4
196 174 9
196 194 10
196 196 6
196 430 10
196 15 10
196 266 8
196 334 6
196 24 6
196 64 6
197 352 4
197 159 8
197 254 1
197 119 10
197 8 3
197 431 3
197 296 2
197 220 3
197 44 5
197 359 3
198 134 9
198 237 8
198 381 9
198 498 9
198 142 10
198 93 6
198 307 1
198 201 8
198 390 6
198 428 4
199 491 7
199 373 6
199 249 8
199 196 7
199 167 4
199 468 4
199 240 6
199 295 6
199 398 8
199 479 1
200 287 3
200 345 8
200 484 5
200 402 10
200 493 3
200 425 6
200 216 7
200 2 6
200 82 6
200 97 2
201 203 1
201 493 4
201 285 3
201 457 6
201 364 10
201 401 2
201 496 1
201 149 5
201 304 10
201 452 7
202 110 8
202 487 5
202 30 4
202 178 6
202 365 6
202 22 2
202 197 7
202 162 8
202 266 8
202 56 5
203 249 8
203 265 6
203 319 8
203 406 6
203 239 7
203 203 7
203 16 10
203 61 8
203 489 10
203 89 1
204 458 9
204 494 1
204 349 8
204 48 1
204 422 7
204 212 10
204 370 1
204 495 7
204 151 2
204 159 8
205 431 10
205 464 3
205 73 3
205 481 7
205 47 5
205 100 8
205 17 1
205 234 2
205 327 7
205 141 10
206 141 2
206 234 3
206 179 7
206 166 9
206 451 2
206 422 9
206 374 4
206 391 4
206 151 4
206 398 9
207 201 6
207 13 8
207 188 1
207 376 1
207 278 7
207 255 7
207 2 1
207 10 3
207 153 4
207 332 3
208 222 4
208 245 8
208 476 9
208 386 6
208 26 6
208 10 1
208 36 1
208 48 1
208 130 6
208 90 8
209 468 5
209 97 6
209 271 4
209 369 5
209 221 9
209 182 1
209 402 6
209 404 6
209 54 4
209 438 10
210 207 9
210 199 1
210 318 4
210 42 4
210 117 7
210 52 7
210 438 1
210 395 4
210 377 10
210 281 10
211 451 8
211 241 5
211 28 7
211 445 7
211 192 9
211 479 10
211 220 1
211 45 8
211 84 7
211 98 2
212 499 6
212 414 1
212 229 5
212 317 5
212 110 1
212 321 1
212 397 4
212 84 8
212 159 1
212 161 4
213 422 1
213 309 4
213 479 4
213 154 3
213 201 8
213 66 2
213 400 5
213 22 3
213 457 6
213 424 1
214 65 3
214 218 5
214 302 1
214 315 7
214 275 4
214 111 1
214 425 1
214 412 8
214 176 9
214 42 7
215 189 3
215 93 7
215 179 10
215 65 2
215 186 8
215 407 4
215 320 1
215 473 10
215 98 7
215 342 6
216 462 9
216 54 2
216 441 10
216 437 10
216 28 4
216 128 9
216 90 2
216 11 10
216 81 8
216 306 9
217 243 4
217 385 3
217 234 1
217 396 7
217 188 5
217 208 10
217 190 8
217 260 8
217 55 7
217 337 10
218 149 4
218 268 4
218 48 2
218 49 7
218 222 4
218 203 3
218 113 2
218 287 8
218 109 3
218 264 1
219 331 5
219 183 10
219 210 4
219 439 1
219 90 2
219 54 1
219 168 4
219 109 5
219 158 9
219 382 2
220 478 10
220 383 7
220 204 2
220 121 7
220 424 7
220 455 7
220 152 10
220 355 6
220 31 10
220 353 2
221 400 2
221 157 3
221 378 1
221 237 7
221 483 7
221 395 1
221 283 6
221 404 10
221 373 5
221 166 5
222 456 7
222 470 4
222 8 8
222 395 4
222 398 6
222 27 5
222 335 9
222 478 3
222 65 7
222 51 8
223 397 4
223 297 2
223 263 5
223 377 2
223 242 10
223 461 1
223 204 6
223 377 2
223 90 6
223 216 8
224 124 9
224 216 10
224 461 4
224 459 2
224 428 10
224 208 3
224 367 7
224 210 2
224 29 9
224 495 4
225 286 4
225 123 4
225 129 6
225 498 5
225 292 10
225 208 6
225 3 9
225 339 6
225 7 4
225 236 2
226 423 10
226 178 2
226 485 8
226 180 7
226 327 2
226 251 6
226 492 3
226 233 2
226 440 4
226 395 5
227 291 2
227 245 6
227 317 2
227 310 10
227 438 4
227 312 4
227 231 4
227 405 2
227 53 3
227 224 7
228 442 8
228 202 6
228 58 4
228 404 4
228 162 3
228 445 1
228 362 1
228 355 7
228 331 8
228 27 7
229 17 6
229 478 8
229 107 4
229 120 10
229 75 9
229 137 7
229 467 8
229 344 3
229 487 10
229 481 2
230 492 9
230 91 5
230 222 8
230 385 1
230 134 4
230 71 6
230 215 5
230 84 10
230 345 3
230 368 9
231 385 6
231 190 6
231 146 1
231 279 2
231 238 8
231 26 10
231 126 3
231 435 9
231 348 1
231 45 5
232 499 6
232 320 9
232 35 4
232 343 8
232 354 8
232 491 4
232 264 4
232 364 9
232 274 4
232 388 3
233 11 8
233 87 10
233 120 2
233 480 8
233 423 3
233 345 5
233 366 3
233 201 9
233 200 6
233 429 2
234 74 3
234 296 10
234 421 3
234 367 1
234 488 3
234 456 3
234 81 9
234 348 4
234 413 6
234 216 2
235 420 2
235 57 5
235 491 6
235 203 9
235 440 10
235 315 8
235 411 4
235 390 3
235 299 1
235 278 6
236 119 10
236 463 8
236 37 7
236 415 3
236 494 9
236 353 9
236 430 3
236 477 1
236 220 7
236 142 1
237 370 3
237 434 4
237 119 7
237 265 9
237 446 7
237 49 1
237 419 7
237 225 10
237 391 2
237 130 9
238 179 1
238 353 10
238 458 2
238 382 9
238 405 5
238 151 8
238 140 6
238 277 5
238 318 5
238 230 2
239 82 3
239 264 5
239 157 8
239 184 10
239 467 6
239 24 10
239 217 3
239 129 7
239 271 4
239 381 10
240 350 7
240 415 4
240 403 9
240 59 5
240 342 4
240 372 3
240 328 7
240 306 1
240 190 8
240 68 6
241 183 7
241 190 5
241 308 9
241 20 6
241 289 1
241 415 6
241 40 6
241 430 8
241 444 2
241 464 2
242 431 7
242 469 4
242 364 1
242 197 9
242 219 7
242 86 5
242 233 2
242 464 1
242 359 3
242 69 6
243 173 1
243 491 2
243 155 6
243 406 2
243 117 4
243 418 8
243 487 3
243 249 7
243 449 4
243 187 1
244 154 4
244 423 8
244 232 10
244 480 5
244 246 8
244 140 1
244 351 6
244 121 4
244 422 2
244 99 4
245 488 3
245 420 9
245 235 3
245 145 1
245 40 7
245 119 6
245 99 7
245 486 9
245 394 8
245 101 7
246 30 7
246 201 5
246 349 4
246 183 9
246 109 10
246 415 8
246 452 5
246 219 1
246 211 2
246 472 1
247 417 7
247 350 2
247 359 10
247 495 2
247 127 3
247 296 1
247 488 1
247 128 7
247 122 4
247 479 9
248 279 3
248 305 4
248 463 9
248 284 5
248 29 2
248 88 3
248 493 4
248 347 1
248 491 2
248 62 3
249 440 1
249 102 8
249 261 2
249 249 1
249 87 8
249 256 1
249 256 1
249 32 6
249 439 1
249 278 4
250 182 5
250 363 2
250 78 5
250 426 7
250 282 3
250 147 9
250 110 9
250 390 7
250 453 10
250 282 3
251 121 3
251 119 10
251 113 1
251 436 7
251 126 7
251 258 2
251 43 9
251 14 7
251 236 2
251 480 6
252 330 1
252 133 9
252 12 10
252 16 2
252 468 1
252 154 3
252 23 8
252 346 7
252 182 8
252 21 6
253 4 5
253 7 3
253 91 7
253 357 6
253 351 9
253 347 2
253 416 5
253 446 5
253 230 7
253 112 7
254 282 5
254 238 3
254 357 2
254 489 7
254 478 8
254 416 7
254 240 10
254 380 1
254 220 9
254 303 10
255 406 8
255 62 7
255 245 8
255 205 1
255 472 2
255 30 1
255 121 1
255 211 3
255 282 2
255 358 3
256 206 6
256 5 9
256 323 1
256 356 7
256 443 7
256 107 6
256 477 5
256 290 1
256 143 3
256 292 9
257 9 10
257 471 4
257 359 8
257 181 7
257 320 4
257 176 8
257 212 2
257 404 2
257 58 8
257 36 7
258 267 9
258 367 8
258 9 3
258 269 3
258 375 5
258 406 5
258 443 5
258 80 3
258 43 2
258 339 3
259 349 8
259 227 6
259 96 7
259 87 8
259 89 9
259 82 10
259 470 8
259 192 4
259 131 3
259 109 5
260 341 7
260 109 7
260 219 6
260 345 5
260 322 7
260 280 1
260 114 3
260 286 7
260 245 10
260 261 5
261 201 3
261 53 3
261 134 10
261 423 2
261 371 7
261 178 4
261 94 2
261 125 3
261 192 10
261 27 1
262 166 9
262 365 8
262 256 4
262 396 4
262 250 9
262 131 9
262 40 3
262 243 8
262 424 8
262 89 5
263 151 10
263 310 2
263 2 9
263 169 2
263 468 4
263 367 8
263 294 8
263 63 4
263 324 3
263 451 6
264 178 7
264 436 1
264 236 4
264 24 6
264 475 1
264 209 10
264 183 5
264 450 4
264 456 7
264 400 7
265 333 7
265 204 2
265 301 6
265 333 7
265 496 2
265 304 3
265 451 1
265 68 4
265 377 6
265 479 9
266 174 10
266 174 10
266 238 5
266 188 10
266 272 7
266 344 8
266 212 3
266 198 1
266 438 10
266 381 2
267 169 2
267 184 1
267 215 3
267 463 6
267 420 3
267 412 8
267 234 10
267 102 9
267 352 1
267 148 7
268 401 7
268 112 8
268 120 10
268 242 4
268 293 2
268 160 1
268 318 4
268 266 8
268 348 10
268 121 2
269 326 2
269 180 7
269 17 9
269 33 1
269 139 5
269 121 2
269 314 10
269 182 8
269 467 7
269 361 5
270 170 7
270 419 3
270 412 2
270 91 6
270 475 7
270 305 8
270 312 4
270 291 4
270 25 10
270 444 9
271 111 5
271 116 6
271 297 8
271 207 5
271 6 8
271 248 2
271 240 2
271 132 4
271 6 8
271 255 1
272 157 2
272 474 7
272 65 10
272 312 10
272 70 3
272 422 10
272 347 1
272 176 6
272 88 8
272 292 1
273 49 1
273 328 10
273 355 4
273 329 7
273 291 4
273 366 9
273 199 3
273 53 3
273 255 6
273 337 4
274 278 10
274 265 6
274 349 2
274 463 5
274 320 2
274 129 7
274 469 1
274 205 7
274 147 4
274 398 9
275 60 8
275 99 8
275 211 7
275 63 6
275 427 1
275 413 9
275 209 7
275 15 4
275 174 4
275 364 2
276 87 6
276 500 8
276 422 3
276 232 5
276 493 7
276 365 4
276 86 7
276 469 1
276 364 7
276 458 2
277 278 2
277 6 9
277 14 5
277 299 1
277 374 4
277 87 7
277 106 2
277 247 3
277 477 2
277 449 2
278 241 9
278 11 10
278 269 8
278 88 1
278 143 3
278 26 6
278 255 7
278 63 3
278 491 7
278 215 6
279 244 1
279 160 7
279 67 3
279 267 3
279 64 2
279 488 5
279 80 7
279 247 3
279 229 3
279 496 9
280 498 6
280 255 6
280 302 8
280 471 5
280 474 10
280 163 8
280 88 6
280 13 8
280 146 5
280 250 10
281 335 6
281 436 2
281 322 6
281 113 2
281 36 3
281 52 3
281 250 3
281 339 7
281 402 2
281 102 5
282 428 4
282 4 2
282 75 2
282 241 4
282 345 10
282 293 2
282 14 2
282 97 8
282 372 8
282 194 9
283 442 5
283 208 10
283 355 7
283 396 7
283 418 6
283 363 4
283 310 1
283 344 2
283 219 3
283 27 2
284 396 4
284 230 3
284 346 7
284 9 10
284 14 4
284 216 5
284 264 4
284 426 8
284 353 6
284 155 9
285 112 3
285 167 3
285 279 2
285 25 3
285 436 4
285 429 6
285 360 5
285 224 4
285 379 8
285 150 9
286 366 10
286 364 9
286 102 3
286 336 10
286 251 2
286 186 5
286 425 6
286 131 8
286 4 5
286 159 10
287 483 2
287 230 3
287 65 3
287 311 4
287 65 3
287 406 10
287 131 1
287 472 1
287 432 10
287 91 9
288 368 9
288 444 10
288 426 7
288 450 9
288 444 10
288 291 6
288 119 5
288 227 1
288 400 2
288 61 2
289 33 3
289 217 4
289 217 4
289 470 3
289 94 10
289 75 5
289 82 1
289 234 6
289 103 5
289 419 4
290 365 7
290 433 6
290 389 9
290 184 10
290 3 9
290 121 10
290 443 9
290 159 1
290 325 3
290 2 2
291 252 7
291 132 10
291 471 3
291 34 8
291 427 3
291 422 6
291 46 10
291 371 1
291 226 7
291 336 5
292 398 4
292 158 10
292 265 7
292 367 6
292 399 10
292 347 10
292 462 4
292 40 5
292 290 3
292 482 7
293 226 3
293 110 8
293 14 7
293 178 9
293 480 4
293 236 4
293 238 1
293 370 7
293 318 5
293 401 5
294 63 4
294 387 4
294 420 8
294 444 8
294 134 4
294 56 8
294 9 9
294 361 6
294 253 5
294 50 1
295 96 4
295 314 8
295 401 8
295 454 2
295 170 6
295 229 9
295 489 5
295 61 9
295 130 8
295 141 9
296 464 4
296 493 1
296 290 9
296 152 10
296 342 3
296 114 10
296 217 8
296 2 2
296 362 7
296 463 10
297 138 4
297 337 1
297 493 8
297 25 8
297 374 9
297 427 4
297 334 3
297 351 10
297 124 4
297 468 6
298 158 10
298 21 10
298 376 5
298 408 5
298 70 2
298 79 8
298 281 4
298 417 9
298 472 5
298 360 8
299 479 7
299 257 3
299 313 3
299 7 1
299 364 6
299 373 1
299 105 1
299 378 7
299 218 10
299 43 6
300 482 4
300 153 9
300 373 2
300 193 4
300 366 8
300 429 9
300 57 9
300 156 5
300 142 1
300 201 10
301 140 8
301 100 8
301 65 6
301 18 10
301 171 7
301 137 9
301 84 9
301 276 1
301 325 10
301 298 8
302 166 6
302 455 10
302 79 1
302 226 8
302 376 8
302 71 2
302 185 6
302 129 5
302 376 8
302 410 2
303 218 7
303 368 10
303 485 4
303 380 2
303 11 1
303 270 2
303 210 3
303 98 1
303 483 9
303 348 4
304 5 3
304 294 3
304 256 6
304 137 9
304 32 3
304 281 7
304 12 6
304 331 5
304 356 8
304 80 8
305 89 5
305 95 7
305 99 1
305 329 7
305 103 10
305 103 10
305 434 5
305 432 7
305 484 8
305 414 10
306 466 9
306 425 2
306 196 4
306 342 10
306 461 10
306 117 9
306 454 9
306 150 7
306 256 4
306 34 10
307 113 3
307 55 10
307 440 4
307 219 3
307 383 5
307 404 10
307 245 5
307 457 7
307 454 8
307 141 8
308 200 1
308 199 5
308 259 1
308 72 1
308 120 7
308 226 8
308 353 1
308 390 2
308 248 3
308 329 3
309 346 5
309 337 5
309 156 10
309 35 6
309 470 7
309 87 3
309 348 4
309 57 2
309 128 5
309 11 8
310 32 6
310 5 2
310 460 8
310 289 2
310 325 7
310 203 8
310 361 1
310 152 8
310 253 4
310 344 10
311 26 5
311 424 3
311 54 4
311 394 8
311 353 10
311 401 9
311 347 9
311 226 8
311 477 5
311 439 7
312 159 10
312 283 6
312 427 9
312 478 1
312 400 9
312 62 2
312 259 3
312 112 10
312 243 4
312 28 3
313 469 7
313 79 10
313 425 4
313 69 5
313 378 4
313 236 6
313 283 4
313 88 7
313 88 7
313 468 6
314 236 6
314 127 1
314 454 7
314 117 8
314 45 5
314 460 5
314 180 5
314 421 7
314 198 1
314 192 2
315 306 6
315 428 10
315 234 7
315 145 10
315 216 3
315 442 4
315 174 8
315 299 1
315 447 10
315 464 5
316 327 9
316 300 5
316 361 7
316 428 4
316 97 1
316 311 9
316 97 1
316 412 2
316 70 10
316 124 9
317 18 6
317 262 3
317 272 5
317 260 9
317 20 3
317 252 1
317 388 1
317 356 5
317 355 5
317 412 1
318 10 7
318 133 10
318 457 5
318 458 8
318 253 7
318 245 9
318 364 5
318 150 10
318 1 2
318 178 3
319 81 2
319 61 7
319 499 7
319 500 6
319 75 7
319 307 3
319 189 5
319 18 8
319 264 2
319 345 2
320 116 10
320 248 3
320 403 4
320 277 7
320 118 5
320 296 6
320 335 10
320 283 9
320 440 5
320 192 2
321 162 9
321 474 10
321 120 3
321 20 10
321 350 3
321 13 7
321 264 8
321 33 2
321 187 7
321 430 1
322 406 3
322 168 9
322 41 1
322 14 8
322 198 6
322 216 9
322 105 9
322 345 2
322 99 8
322 290 6
323 207 6
323 375 3
323 342 9
323 447 8
323 403 6
323 18 7
323 234 7
323 29 7
323 115 6
323 17 4
324 307 6
324 432 6
324 332 7
324 42 8
324 222 7
324 51 4
324 162 9
324 92 4
324 304 5
324 246 6
325 33 4
325 166 8
325 78 1
325 264 9
325 440 4
325 70 4
325 213 10
325 142 1
325 393 3
325 428 4
326 295 8
326 293 10
326 253 7
326 123 3
326 324 6
326 107 7
326 444 5
326 32 5
326 280 8
326 393 3
327 45 7
327 399 1
327 175 9
327 69 2
327 390 4
327 129 10
327 403 2
327 444 2
327 37 9
327 419 8
328 270 5
328 284 9
328 414 4
328 274 8
328 402 1
328 158 7
328 227 8
328 485 2
328 278 6
328 265 8
329 218 6
329 347 10
329 146 10
329 287 1
329 448 2
329 283 9
329 164 6
329 265 9
329 140 8
329 268 5
330 145 8
330 173 10
330 183 3
330 307 10
330 451 5
330 266 5
330 107 7
330 311 3
330 252 1
330 264 10
331 394 5
331 304 2
331 421 6
331 296 4
331 72 2
331 134 8
331 111 3
331 294 6
331 1 2
331 454 6
332 335 5
332 115 2
332 397 6
332 188 2
332 311 9
332 116 8
332 391 7
332 500 5
332 268 3
332 305 7
333 495 1
333 236 4
333 194 1
333 460 4
333 419 5
333 376 1
333 59 10
333 259 3
333 85 9
333 474 8
334 182 10
334 98 3
334 349 3
334 276 2
334 202 3
334 256 7
334 473 3
334 397 4
334 461 3
334 142 4
335 460 10
335 152 6
335 486 8
335 197 4
335 243 4
335 256 3
335 25 1
335 160 3
335 23 10
335 249 9
336 102 3
336 278 8
336 152 10
336 226 7
336 119 3
336 462 5
336 154 7
336 387 8
336 479 6
336 205 3
337 92 8
337 238 10
337 211 9
337 119 7
337 491 4
337 465 9
337 450 9
337 6 9
337 278 4
337 335 6
338 390 9
338 266 5
338 403 8
338 445 9
338 54 10
338 48 2
338 331 2
338 303 1
338 496 6
338 136 3
339 349 2
339 87 7
339 201 9
339 258 4
339 112 7
339 235 6
339 189 2
339 496 3
339 188 8
339 304 9
340 194 9
340 164 5
340 186 1
340 290 6
340 247 6
340 355 9
340 243 2
340 430 3
340 161 4
340 385 10
341 164 9
341 331 3
341 28 9
341 86 10
341 273 7
341 426 7
341 346 9
341 146 7
341 89 3
341 491 1
342 143 1
342 477 7
342 64 2
342 481 1
342 369 7
342 458 2
342 24 4
342 238 10
342 492 6
342 220 7
343 201 3
343 306 1
343 65 5
343 421 4
343 398 8
343 438 4
343 39 4
343 479 9
343 449 3
343 332 5
344 360 6
344 428 3
344 4 10
344 22 10
344 31 8
344 261 8
344 479 8
344 473 1
344 96 10
344 406 8
345 385 10
345 426 7
345 352 3
345 481 7
345 277 9
345 310 4
345 262 5
345 328 4
345 321 4
345 178 9
346 103 7
346 338 6
346 453 10
346 181 1
346 285 6
346 459 6
346 106 4
346 131 4
346 335 4
346 384 1
347 373 6
347 81 2
347 479 3
347 453 6
347 382 1
347 377 7
347 270 8
347 9 4
347 113 2
347 122 7
348 446 5
348 74 2
348 101 10
348 341 3
348 134 9
348 53 3
348 106 2
348 431 4
348 296 9
348 460 7
349 145 8
349 421 6
349 202 8
349 135 9
349 247 4
349 237 9
349 484 4
349 313 1
349 308 6
349 9 9
350 328 6
350 42 3
350 129 4
350 35 2
350 413 6
350 239 8
350 107 4
350 1 1
350 302 9
350 241 4
351 270 4
351 430 8
351 250 1
351 45 9
351 206 9
351 256 8
351 322 6
351 113 7
351 208 4
351 67 10
352 170 1
352 137 7
352 266 4
352 277 3
352 110 5
352 299 3
352 288 6
352 380 9
352 443 1
352 482 3
353 477 1
353 313 1
353 402 8
353 297 8
353 147 4
353 498 1
353 385 3
353 319 1
353 183 5
353 180 10
354 267 1
354 320 7
354 122 5
354 481 1
354 444 4
354 485 7
354 318 9
354 279 7
354 221 5
354 490 8
355 118 10
355 455 3
355 473 7
355 172 4
355 118 10
355 297 3
355 347 2
355 157 2
355 246 8
355 388 6
356 477 3
356 75 8
356 241 7
356 68 9
356 137 2
356 407 10
356 208 5
356 481 6
356 338 9
356 120 3
357 344 9
357 320 6
357 395 9
357 71 4
357 405 2
357 498 9
357 407 3
357 311 5
357 104 10
357 174 3
358 15 4
358 462 7
358 478 10
358 82 4
358 316 7
358 202 9
358 447 7
358 148 2
358 236 10
358 189 7
359 4 8
359 406 6
359 67 3
359 133 3
359 99 6
359 440 10
359 441 9
359 27 5
359 384 4
359 7 10
360 345 5
360 132 1
360 270 9
360 19 6
360 330 9
360 481 3
360 212 4
360 390 9
360 13 8
360 464 8
361 100 10
361 56 1
361 454 4
361 69 10
361 160 1
361 15 10
361 280 1
361 111 2
361 136 10
361 227 8
362 76 1
362 416 5
362 221 7
362 348 2
362 81 8
362 30 5
362 223 2
362 237 10
362 394 5
362 254 8
363 8 5
363 360 7
363 80 3
363 275 10
363 12 2
363 143 4
363 478 7
363 347 9
363 408 6
363 150 7
364 447 6
364 170 10
364 65 8
364 301 3
364 322 4
364 410 10
364 222 10
364 243 7
364 276 10
364 64 3
365 492 1
365 135 3
365 496 3
365 355 1
365 208 8
365 348 5
365 276 3
365 420 8
365 321 10
365 223 6
366 241 1
366 56 8
366 441 8
366 49 7
366 357 3
366 454 6
366 409 1
366 466 4
366 148 1
366 103 5
367 8 3
367 193 4
367 142 2
367 215 3
367 129 5
367 196 5
367 56 1
367 1 7
367 272 6
367 387 3
368 277 10
368 465 9
368 472 9
368 367 5
368 208 3
368 201 1
368 11 6
368 258 9
368 429 2
368 440 2
369 322 10
369 228 8
369 462 7
369 85 7
369 197 4
369 123 5
369 274 7
369 10 4
369 5 1
369 67 10
370 459 6
370 69 3
370 221 9
370 472 7
370 120 3
370 410 3
370 478 1
370 189 4
370 425 6
370 360 4
371 414 4
371 135 5
371 287 6
371 403 10
371 332 3
371 265 7
371 129 8
371 415 7
371 369 3
371 388 5
372 354 1
372 305 1
372 214 7
372 104 1
372 489 10
372 435 10
372 140 5
372 11 2
372 460 7
372 209 4
373 403 4
373 267 3
373 480 5
373 455 2
373 274 10
373 91 3
373 173 10
373 491 3
373 371 3
373 214 5
374 390 5
374 127 6
374 484 10
374 301 6
374 359 1
374 5 9
374 116 8
374 152 4
374 105 6
374 311 8
375 233 1
375 447 2
375 99 2
375 95 2
375 136 8
375 429 6
375 282 8
375 304 3
375 450 1
375 101 5
376 219 6
376 153 3
376 248 10
376 212 5
376 137 1
376 485 9
376 57 1
376 167 6
376 179 10
376 42 5
377 187 3
377 161 9
377 198 10
377 420 9
377 138 5
377 395 3
377 495 1
377 348 7
377 236 7
377 329 1
378 203 9
378 417 4
378 498 9
378 202 1
378 5 2
378 248 7
378 39 9
378 108 9
378 373 7
378 52 10
379 298 1
379 80 3
379 235 8
379 354 9
379 443 2
379 36 7
379 273 6
379 374 3
379 89 6
379 413 4
380 17 10
380 182 1
380 121 8
380 451 3
380 107 9
380 465 6
380 397 5
380 437 7
380 281 5
380 327 8
381 457 6
381 415 1
381 105 2
381 77 5
381 485 1
381 169 6
381 327 1
381 258 1
381 6 1
381 470 8
382 396 7
382 388 7
382 440 7
382 405 2
382 226 6
382 345 7
382 433 6
382 22 7
382 495 6
382 211 10
383 70 4
383 220 5
383 334 7
383 499 10
383 446 6
383 284 8
383 441 8
383 425 9
383 180 4
383 380 8
384 38 1
384 473 4
384 252 7
384 466 7
384 274 7
384 455 8
384 353 10
384 343 2
384 385 3
384 241 4
385 26 2
385 262 5
385 293 5
385 123 1
385 74 5
385 103 6
385 9 1
385 235 4
385 136 9
385 32 1
386 497 5
386 256 1
386 190 3
386 29 1
386 318 4
386 391 2
386 103 6
386 244 1
386 98 7
386 360 4
387 110 6
387 189 3
387 447 8
387 52 2
387 332 1
387 243 6
387 162 5
387 190 5
387 105 9
387 129 8
388 64 1
388 11 10
388 100 4
388 68 2
388 455 6
388 420 5
388 273 2
388 286 3
388 62 6
388 480 1
389 38 7
389 258 6
389 345 5
389 324 1
389 66 5
389 213 6
389 327 3
389 465 1
389 120 5
389 498 8
390 297 4
390 396 8
390 439 8
390 374 4
390 42 7
390 303 4
390 491 2
390 431 4
390 102 4
390 464 2
391 428 2
391 383 3
391 273 8
391 252 8
391 446 7
391 409 10
391 334 8
391 410 2
391 203 6
391 149 10
392 8 5
392 481 2
392 288 6
392 165 2
392 71 8
392 415 5
392 146 3
392 296 1
392 397 2
392 45 4
393 465 7
393 34 5
393 243 6
393 392 8
393 432 9
393 295 5
393 241 5
393 282 7
393 166 8
393 185 8
394 34 6
394 285 10
394 381 6
394 345 10
394 360 3
394 450 8
394 5 5
394 225 3
394 125 10
394 53 3
395 96 4
395 112 5
395 431 7
395 4 9
395 216 10
395 237 3
395 130 3
395 302 9
395 107 9
395 354 4
396 372 2
396 8 9
396 471 3
396 398 10
396 86 9
396 56 7
396 289 2
396 67 3
396 54 2
396 273 4
397 335 6
397 91 4
397 310 5
397 75 1
397 284 5
397 114 4
397 472 4
397 176 10
397 126 4
397 240 4
398 472 4
398 222 7
398 489 10
398 461 1
398 436 2
398 397 9
398 281 2
398 58 6
398 385 7
398 392 4
399 296 4
399 85 5
399 493 5
399 302 8
399 76 3
399 21 5
399 44 4
399 294 6
399 55 10
399 341 3
400 480 6
400 425 6
400 184 4
400 352 10
400 46 6
400 463 8
400 213 8
400 48 5
400 429 8
400 193 4
401 301 1
401 323 4
401 32 5
401 212 7
401 165 8
401 229 4
401 114 3
401 217 8
401 59 4
401 421 6
402 68 3
402 137 10
402 11 9
402 437 9
402 23 9
402 49 7
402 93 8
402 223 7
402 415 3
402 208 3
403 111 10
403 492 3
403 416 7
403 197 6
403 19 5
403 272 6
403 286 3
403 305 8
403 71 7
403 437 7
404 480 7
404 465 2
404 240 10
404 46 4
404 441 7
404 479 2
404 353 9
404 36 10
404 311 4
404 342 1
405 77 2
405 407 9
405 168 9
405 356 1
405 177 1
405 172 2
405 360 5
405 490 8
405 200 1
405 226 10
406 9 2
406 106 1
406 282 2
406 265 8
406 86 6
406 50 9
406 102 4
406 437 1
406 328 5
406 41 7
407 139 10
407 163 9
407 180 4
407 167 7
407 134 6
407 212 6
407 191 10
407 40 9
407 5 5
407 373 3
408 467 3
408 169 8
408 290 10
408 346 6
408 397 7
408 322 6
408 6 5
408 376 9
408 500 5
408 300 6
409 119 1
409 252 9
409 139 3
409 475 4
409 397 7
409 497 10
409 392 6
409 101 4
409 294 10
409 383 10
410 322 6
410 68 4
410 55 4
410 322 6
410 325 7
410 160 3
410 397 3
410 480 5
410 403 9
410 8 2
411 164 1
411 297 1
411 184 2
411 3 7
411 177 2
411 95 2
411 367 2
411 161 5
411 313 1
411 408 8
412 499 3
412 224 1
412 114 5
412 34 8
412 472 8
412 214 3
412 260 9
412 471 6
412 170 7
412 80 8
413 20 1
413 434 5
413 236 5
413 467 5
413 93 10
413 63 5
413 289 6
413 27 7
413 371 9
413 34 4
414 131 10
414 36 9
414 259 7
414 496 7
414 399 8
414 259 7
414 309 5
414 105 9
414 89 6
414 183 10
415 10 7
415 160 2
415 5 9
415 442 10
415 313 5
415 340 1
415 55 9
415 92 6
415 272 10
415 152 5
416 264 7
416 110 2
416 72 5
416 423 2
416 415 6
416 352 8
416 119 8
416 291 3
416 117 7
416 238 10
417 459 2
417 172 9
417 66 3
417 500 5
417 396 3
417 367 4
417 91 4
417 243 8
417 304 8
417 461 7
418 316 5
418 1 1
418 41 6
418 401 7
418 35 2
418 45 5
418 493 4
418 452 9
418 265 4
418 304 2
419 475 10
419 17 4
419 316 4
419 471 7
419 439 5
419 87 8
419 400 9
419 25 10
419 352 5
419 232 10
420 409 3
420 231 8
420 12 8
420 223 3
420 44 4
420 255 9
420 275 9
420 450 4
420 225 5
420 117 9
421 405 7
421 267 1
421 175 3
421 339 8
421 231 7
421 6 4
421 479 3
421 178 3
421 199 5
421 297 9
422 320 2
422 120 5
422 266 9
422 105 5
422 436 6
422 23 3
422 294 5
422 235 3
422 186 7
422 274 1
423 200 2
423 300 4
423 288 7
423 23 8
423 125 7
423 114 4
423 81 8
423 226 4
423 472 7
423 372 2
424 35 9
424 71 9
424 446 10
424 276 9
424 331 10
424 90 9
424 420 6
424 197 2
424 310 5
424 149 5
425 276 9
425 243 3
425 323 9
425 5 5
425 132 4
425 196 2
425 385 8
425 332 2
425 228 5
425 432 9
426 105 1
426 196 3
426 81 10
426 270 3
426 381 6
426 188 9
426 260 7
426 198 4
426 141 1
426 450 8
427 490 9
427 372 10
427 349 2
427 390 8
427 17 6
427 233 4
427 50 7
427 399 5
427 474 10
427 124 6
428 483 6
428 87 6
428 165 8
428 148 8
428 438 8
428 68 2
428 195 8
428 208 10
428 51 8
428 305 5
429 236 6
429 277 10
429 464 7
429 313 1
429 157 2
429 50 10
429 444 10
429 142 3
429 414 6
429 127 1
430 410 7
430 447 8
430 359 4
430 243 2
430 286 7
430 388 3
430 113 8
430 70 6
430 309 7
430 374 2
431 132 1
431 229 4
431 496 4
431 406 2
431 234 4
431 40 10
431 152 5
431 148 2
431 31 9
431 397 1
432 334 6
432 34 8
432 340 1
432 386 4
432 116 1
432 395 8
432 299 4
432 27 4
432 142 10
432 106 7
433 435 8
433 321 8
433 15 8
433 41 8
433 215 7
433 187 2
433 323 10
433 391 1
433 293 5
433 193 4
434 103 8
434 12 4
434 498 9
434 362 9
434 125 3
434 2 1
434 271 10
434 184 5
434 78 5
434 108 8
435 347 6
435 285 1
435 7 7
435 354 5
435 296 3
435 473 5
435 488 4
435 354 5
435 394 7
435 156 7
436 360 3
436 226 6
436 382 2
436 367 3
436 67 1
436 279 3
436 274 7
436 295 5
436 60 4
436 218 5
437 129 6
437 31 10
437 157 7
437 199 3
437 175 4
437 70 6
437 174 6
437 436 10
437 127 5
437 198 7
438 449 2
438 406 8
438 373 10
438 374 5
438 434 1
438 345 5
438 278 6
438 285 8
438 339 3
438 175 8
439 375 10
439 165 3
439 171 10
439 80 10
439 163 6
439 195 5
439 131 10
439 224 7
439 253 5
439 5 9
440 490 6
440 296 5
440 1 6
440 284 6
440 358 4
440 141 2
440 117 2
440 137 1
440 221 6
440 138 2
441 420 1
441 137 3
441 426 5
441 460 1
441 362 8
441 461 7
441 373 8
441 153 2
441 475 5
441 352 4
442 153 1
442 499 3
442 1 6
442 212 9
442 479 9
442 91 5
442 467 6
442 90 8
442 408 1
442 168 4
443 199 8
443 75 1
443 157 10
443 430 2
443 429 7
443 51 1
443 72 10
443 357 8
443 438 3
443 61 9
444 500 1
444 266 8
444 498 3
444 66 7
444 67 9
444 216 4
444 78 5
444 469 4
444 95 9
444 429 9
445 78 9
445 411 3
445 309 3
445 262 6
445 200 6
445 193 3
445 322 5
445 251 7
445 382 2
445 45 10
446 492 7
446 456 8
446 147 9
446 233 7
446 106 2
446 174 9
446 479 10
446 233 7
446 209 7
446 470 9
447 61 9
447 183 1
447 310 3
447 391 1
447 223 4
447 303 2
447 355 7
447 299 5
447 398 5
447 481 4
448 365 9
448 236 6
448 440 5
448 430 4
448 330 10
448 301 3
448 25 3
448 332 6
448 438 10
448 14 1
449 214 9
449 357 10
449 409 3
449 308 8
449 310 2
449 250 6
449 389 8
449 202 7
449 315 6
449 377 4
450 25 1
450 375 5
450 480 8
450 202 8
450 464 3
450 125 3
450 23 8
450 25 1
450 309 9
450 71 1
451 105 9
451 216 10
451 35 1
451 15 9
451 108 6
451 299 6
451 59 9
451 153 3
451 393 4
451 407 3
452 216 10
452 154 5
452 158 4
452 67 6
452 109 6
452 266 7
452 36 3
452 264 10
452 287 9
452 205 9
453 485 4
453 322 4
453 80 3
453 168 3
453 66 9
453 241 8
453 115 7
453 43 4
453 267 3
453 177 3
454 257 7
454 108 4
454 489 6
454 439 8
454 266 3
454 170 1
454 178 7
454 256 1
454 64 6
454 192 7
455 421 10
455 466 3
455 448 8
455 495 5
455 207 6
455 61 4
455 335 3
455 320 2
455 467 5
455 52 7
456 415 1
456 491 5
456 40 6
456 253 10
456 118 7
456 40 6
456 403 6
456 195 1
456 226 6
456 228 5
457 100 6
457 490 7
457 491 7
457 465 1
457 465 1
457 373 4
457 25 4
457 284 8
457 60 9
457 383 2
458 72 6
458 496 10
458 279 10
458 354 3
458 275 9
458 88 8
458 400 1
458 324 5
458 119 9
458 126 10
459 209 10
459 241 5
459 173 3
459 139 10
459 362 9
459 280 10
459 345 6
459 388 1
459 226 5
459 30 7
460 206 3
460 261 8
460 310 3
460 288 1
460 178 5
460 102 8
460 480 6
460 365 7
460 203 6
460 77 5
461 46 4
461 85 1
461 224 7
461 75 7
461 277 8
461 111 10
461 358 4
461 238 1
461 403 3
461 92 1
462 450 2
462 257 3
462 448 8
462 456 5
462 404 4
462 346 3
462 347 2
462 410 4
462 103 9
462 302 1
463 5 4
463 88 10
463 390 4
463 434 8
463 255 8
463 452 10
463 38 3
463 426 2
463 359 9
463 98 9
464 243 7
464 494 5
464 78 6
464 325 2
464 46 2
464 203 1
464 308 6
464 416 1
464 416 1
464 143 7
465 189 3
465 221 10
465 74 9
465 8 2
465 120 1
465 9 1
465 185 1
465 413 5
465 169 4
465 186 2
466 401 9
466 283 8
466 457 4
466 91 2
466 116 1
466 217 2
466 118 4
466 22 1
466 336 10
466 247 2
467 160 9
467 426 2
467 256 6
467 486 10
467 105 4
467 239 6
467 59 3
467 486 10
467 437 1
467 41 3
468 477 3
468 482 6
468 203 6
468 177 3
468 448 8
468 292 8
468 171 4
468 151 4
468 232 2
468 135 10
469 235 1
469 422 2
469 63 4
469 449 1
469 49 5
469 414 8
469 200 4
469 67 2
469 48 8
469 306 8
470 103 1
470 64 2
470 460 8
470 56 4
470 246 3
470 223 4
470 26 3
470 173 7
470 30 10
470 274 1
471 427 1
471 11 1
471 400 4
471 262 4
471 296 4
471 473 3
471 49 5
471 318 8
471 77 2
471 104 3
472 116 6
472 259 4
472 16 3
472 97 7
472 385 8
472 173 10
472 449 6
472 475 7
472 467 5
472 235 10
473 61 5
473 194 7
473 157 8
473 386 1
473 193 7
473 51 5
473 175 6
473 277 1
473 110 2
473 29 5
474 439 7
474 105 10
474 84 10
474 166 9
474 275 5
474 96 4
474 339 8
474 81 4
474 288 7
474 433 10
475 269 6
475 405 1
475 109 3
475 482 3
475 378 5
475 413 4
475 474 10
475 209 7
475 233 8
475 282 5
476 483 4
476 116 3
476 369 6
476 323 8
476 216 5
476 235 10
476 362 2
476 469 2
476 172 3
476 6 2
477 146 3
477 496 1
477 124 1
477 342 4
477 122 2
477 169 3
477 59 1
477 456 3
477 145 3
477 229 10
478 182 7
478 241 9
478 172 1
478 24 7
478 138 6
478 119 6
478 371 4
478 433 1
478 124 7
478 171 6
479 97 2
479 340 8
479 498 4
479 79 5
479 107 7
479 259 8
479 306 10
479 359 9
479 167 3
479 482 3
480 422 5
480 291 4
480 58 9
480 352 5
480 307 7
480 91 3
480 334 6
480 232 3
480 285 3
480 244 1
481 499 9
481 153 8
481 473 7
481 196 3
481 61 9
481 272 6
481 192 9
481 75 5
481 315 1
481 98 6
482 22 7
482 214 8
482 369 4
482 273 2
482 65 2
482 406 2
482 283 1
482 257 5
482 397 2
482 447 7
483 322 7
483 302 5
483 34 5
483 217 4
483 343 1
483 268 8
483 301 9
483 239 7
483 36 4
483 417 4
484 414 3
484 392 7
484 215 2
484 281 6
484 339 2
484 477 7
484 149 1
484 156 8
484 451 9
484 116 9
485 48 3
485 8 2
485 167 6
485 377 4
485 380 6
485 466 7
485 148 10
485 362 5
485 444 6
485 7 5
486 353 3
486 51 4
486 64 3
486 295 8
486 1 2
486 181 9
486 334 8
486 402 7
486 483 5
486 249 2
487 167 6
487 76 10
487 241 5
487 161 9
487 361 9
487 318 7
487 5 7
487 446 9
487 338 10
487 396 4
488 432 6
488 483 7
488 104 10
488 452 3
488 278 2
488 351 3
488 145 7
488 333 10
488 16 5
488 334 3
489 223 7
489 199 6
489 179 9
489 312 9
489 316 7
489 297 10
489 295 3
489 41 9
489 176 2
489 188 6
490 395 10
490 10 2
490 166 10
490 85 8
490 424 9
490 108 7
490 52 7
490 411 5
490 36 8
490 454 6
491 60 7
491 43 4
491 162 4
491 382 5
491 316 8
491 416 3
491 61 2
491 192 4
491 460 1
491 465 4
492 368 1
492 321 3
492 458 3
492 280 1
492 208 4
492 164 8
492 244 4
492 11 8
492 230 2
492 463 7
493 385 4
493 455 6
493 101 4
493 470 5
493 329 5
493 454 7
493 452 8
493 374 7
493 338 4
493 285 6
494 498 4
494 128 8
494 479 3
494 182 8
494 387 4
494 421 10
494 468 2
494 269 6
494 271 6
494 477 9
495 415 9
495 154 5
495 108 3
495 373 8
495 357 8
495 244 2
495 488 1
495 215 7
495 154 5
495 472 3
496 244 1
496 15 4
496 436 9
496 211 2
496 283 4
496 369 5
496 25 1
496 149 3
496 231 5
496 321 4
497 281 4
497 403 9
497 100 3
497 470 6
497 44 10
497 263 4
497 369 7
497 207 10
497 59 9
497 270 5
498 300 4
498 438 5
498 361 1
498 329 8
498 7 3
498 191 10
498 349 2
498 400 8
498 363 9
498 43 9
499 333 5
499 190 4
499 125 6
499 252 5
499 99 7
499 364 1
499 205 4
499 496 8
499 150 9
499 384 6
500 196 10
500 429 5
500 371 2
500 248 9
500 480 7
500 245 2
500 158 6
500 415 9
500 306 1
500 99 8
