1000
1 652 5
1 385 10
1 336 10
1 682 3
1 202 5
1 261 5
1 102 6
1 450 3
1 659 9
1 412 2
2 470 10
2 223 6
2 558 10
2 903 9
2 246 2
2 430 1
2 909 4
2 722 7
2 40 3
2 791 3
3 839 6
3 866 4
3 893 9
3 23 2
3 418 6
3 254 1
3 85 9
3 293 8
3 933 2
3 699 6
4 574 2
4 256 7
4 470 8
4 799 9
4 860 5
4 927 4
4 117 8
4 821 6
4 508 8
4 465 10
5 265 4
5 141 8
5 779 10
5 269 5
5 191 6
5 732 2
5 27 10
5 189 7
5 956 3
5 81 10
6 32 8
6 841 5
6 716 6
6 284 2
6 28 2
6 833 7
6 212 9
6 10 9
6 65 1
6 891 6
7 142 3
7 385 8
7 343 7
7 668 7
7 517 9
7 843 9
7 344 8
7 530 6
7 488 9
7 167 6
8 859 5
8 972 10
8 678 9
8 605 8
8 401 2
8 80 7
8 764 8
8 345 9
8 554 8
8 767 10
9 509 6
9 334 5
9 35 7
9 268 2
9 775 9
9 97 8
9 526 4
9 548 6
9 499 6
9 536 4
10 60 3
10 608 2
10 420 10
10 535 4
10 232 10
10 905 5
10 311 1
10 457 2
10 913 2
10 467 3
11 310 2
11 581 6
11 351 3
11 925 7
11 7 6
11 256 7
11 239 1
11 377 3
11 915 2
11 89 6
12 477 1
12 838 9
12 641 2
12 312 8
12 237 4
12 940 1
12 312 8
12 500 1
12 845 4
12 598 3
13 259 10
13 81 7
13 156 6
13 753 8
13 133 4
13 715 1
13 58 8
13 45 5
13 529 6
13 775 2
14 789 5
14 687 10
14 877 5
14 353 3
14 789 5
14 631 9
14 368 1
14 971 7
14 12 6
14 337 6
15 122 1
15 726 2
15 16 3
15 273 5
15 455 1
15 69 6
15 232 8
15 579 3
15 927 1
15 858 5
16 669 7
16 287 6
16 629 4
16 573 7
16 872 8
16 558 7
16 496 9
16 542 6
16 639 7
16 544 6
17 904 8
17 502 9
17 953 6
17 536 7
17 555 3
17 520 7
17 367 6
17 181 2
17 843 4
17 963 5
18 520 1
18 954 7
18 486 4
18 668 5
18 113 8
18 354 8
18 847 1
18 869 3
18 179 4
18 94 1
19 442 1
19 853 6
19 520 1
19 362 7
19 415 3
19 181 1
19 759 6
19 175 3
19 562 2
19 463 1
20 502 9
20 949 6
20 417 6
20 847 7
20 302 1
20 911 3
20 335 5
20 847 7
20 813 10
20 824 10
21 960 6
21 25 3
21 32 1
21 20 3
21 358 8
21 400 5
21 936 7
21 477 8
21 5 7
21 17 10
22 500 10
22 726 9
22 672 4
22 215 1
22 934 8
22 101 7
22 535 2
22 686 5
22 665 1
22 92 8
23 91 6
23 315 1
23 923 4
23 959 5
23 795 4
23 503 6
23 679 4
23 727 6
23 761 8
23 501 3
24 545 2
24 821 5
24 209 9
24 555 7
24 162 8
24 594 1
24 960 3
24 6 7
24 338 4
24 189 5
25 493 5
25 211 3
25 221 6
25 606 6
25 352 3
25 803 4
25 788 2
25 281 5
25 179 1
25 713 2
26 991 3
26 541 5
26 456 9
26 818 7
26 32 2
26 442 8
26 895 4
26 123 5
26 98 7
26 629 2
27 77 2
27 972 10
27 764 6
27 202 3
27 11 3
27 685 4
27 359 9
27 847 5
27 76 2
27 76 2
28 884 8
28 33 5
28 689 9
28 524 10
28 413 8
28 844 5
28 671 5
28 130 4
28 237 3
28 607 10
29 488 8
29 997 2
29 564 3
29 329 5
29 403 2
29 621 7
29 920 5
29 281 5
29 984 3
29 641 2
30 32 8
30 880 8
30 348 5
30 916 2
30 194 6
30 33 7
30 275 9
30 31 6
30 744 1
30 400 8
31 141 10
31 423 2
31 642 3
31 311 4
31 349 4
31 39 2
31 259 5
31 414 10
31 685 1
31 253 2
32 219 2
32 775 10
32 721 10
32 953 6
32 166 6
32 94 7
32 772 7
32 458 7
32 636 3
32 47 8
33 284 9
33 34 1
33 611 9
33 28 8
33 577 9
33 963 1
33 817 4
33 304 4
33 821 9
33 665 9
34 597 10
34 448 1
34 690 7
34 280 6
34 135 10
34 638 3
34 539 10
34 719 4
34 482 5
34 374 9
35 733 7
35 664 4
35 257 7
35 749 4
35 767 8
35 585 3
35 826 7
35 388 2
35 399 6
35 631 7
36 97 9
36 765 7
36 675 5
36 938 8
36 963 9
36 218 10
36 4 9
36 481 3
36 83 8
36 176 10
37 635 10
37 376 10
37 439 4
37 409 5
37 460 3
37 389 9
37 430 9
37 199 1
37 538 8
37 26 10
38 817 5
38 491 10
38 336 7
38 684 6
38 357 7
38 451 5
38 437 4
38 999 6
38 665 7
38 115 5
39 806 8
39 550 4
39 67 10
39 421 8
39 477 5
39 918 7
39 897 8
39 378 3
39 301 7
39 852 1
40 32 5
40 105 5
40 989 1
40 878 7
40 647 8
40 923 1
40 813 9
40 708 2
40 822 8
40 13 3
41 768 4
41 84 5
41 660 5
41 208 3
41 997 6
41 272 3
41 359 2
41 696 4
41 966 2
41 158 10
42 460 5
42 399 5
42 645 3
42 650 6
42 303 4
42 716 7
42 987 7
42 628 6
42 189 7
42 561 8
43 720 3
43 710 5
43 995 10
43 210 1
43 872 5
43 466 3
43 955 1
43 508 7
43 2 9
43 613 9
44 939 7
44 762 10
44 516 1
44 422 8
44 759 4
44 584 6
44 894 8
44 674 1
44 732 9
44 587 2
45 71 10
45 454 10
45 416 6
45 504 4
45 493 6
45 697 1
45 348 5
45 105 4
45 616 5
45 284 9
46 446 7
46 26 6
46 944 10
46 933 2
46 775 6
46 476 6
46 681 1
46 1 2
46 364 1
46 208 3
47 387 7
47 820 3
47 754 2
47 14 10
47 574 2
47 131 1
47 440 2
47 138 7
47 99 5
47 453 9
48 65 6
48 419 7
48 6 9
48 901 6
48 379 10
48 100 10
48 931 3
48 730 8
48 64 9
48 592 5
49 817 4
49 479 4
49 794 5
49 270 10
49 420 7
49 647 3
49 568 9
49 227 1
49 750 1
49 39 7
50 619 6
50 530 4
50 662 4
50 883 6
50 506 8
50 288 10
50 395 1
50 483 1
50 169 7
50 362 8
51 923 3
51 967 8
51 222 1
51 576 8
51 164 3
51 433 1
51 23 6
51 1000 9
51 452 7
51 75 7
52 464 6
52 779 2
52 440 6
52 433 3
52 101 9
52 928 9
52 120 8
52 993 9
52 473 1
52 126 7
53 251 4
53 682 7
53 182 4
53 762 5
53 204 4
53 454 4
53 698 2
53 909 7
53 729 5
53 123 2
54 45 2
54 249 6
54 510 9
54 176 7
54 417 5
54 990 5
54 642 5
54 854 7
54 327 9
54 144 1
55 600 7
55 394 1
55 126 8
55 501 5
55 279 7
55 725 6
55 867 1
55 682 6
55 569 3
55 504 8
56 106 1
56 356 9
56 706 2
56 408 7
56 966 9
56 608 1
56 181 2
56 363 10
56 665 3
56 358 9
57 503 3
57 198 2
57 683 1
57 216 10
57 259 8
57 137 3
57 640 4
57 165 10
57 421 5
57 950 1
58 515 7
58 341 5
58 71 1
58 91 6
58 140 5
58 851 10
58 722 4
58 85 8
58 330 5
58 300 5
59 96 9
59 107 2
59 415 5
59 269 8
59 138 8
59 181 8
59 529 10
59 284 7
59 420 4
59 177 10
60 688 9
60 387 2
60 54 2
60 50 9
60 204 7
60 575 7
60 605 6
60 55 7
60 958 6
60 605 6
61 264 10
61 776 4
61 111 9
61 123 4
61 608 6
61 243 1
61 747 2
61 966 1
61 229 7
61 332 8
62 990 9
62 734 9
62 192 2
62 91 9
62 737 1
62 722 3
62 144 1
62 748 3
62 342 2
62 757 10
63 105 9
63 463 5
63 649 8
63 956 2
63 370 6
63 412 2
63 16 7
63 886 1
63 304 4
63 636 8
64 136 7
64 823 10
64 847 3
64 173 3
64 760 2
64 234 5
64 524 7
64 434 8
64 509 6
64 304 5
65 286 10
65 617 8
65 288 7
65 684 5
65 237 9
65 166 10
65 729 5
65 842 3
65 663 10
65 168 7
66 800 2
66 988 6
66 356 1
66 602 3
66 123 3
66 437 9
66 367 8
66 526 8
66 719 7
66 275 1
67 60 5
67 713 1
67 201 5
67 426 4
67 914 3
67 20 2
67 323 4
67 632 5
67 537 5
67 920 2
68 411 7
68 221 1
68 311 4
68 597 7
68 372 3
68 606 5
68 923 3
68 1000 2
68 511 9
68 798 5
69 532 6
69 203 2
69 783 4
69 871 5
69 237 3
69 361 10
69 191 7
69 928 4
69 35 9
69 457 5
70 702 2
70 914 7
70 506 3
70 580 10
70 566 8
70 397 4
70 674 7
70 426 9
70 581 1
70 329 8
71 578 10
71 519 7
71 180 3
71 522 9
71 398 10
71 244 6
71 783 7
71 553 3
71 683 5
71 702 8
72 401 2
72 346 8
72 994 2
72 925 5
72 658 8
72 157 1
72 974 1
72 55 5
72 373 7
72 721 5
73 537 3
73 244 3
73 5 7
73 572 1
73 880 1
73 786 1
73 577 2
73 168 6
73 414 6
73 460 7
74 224 3
74 34 5
74 588 6
74 231 9
74 853 7
74 229 3
74 417 7
74 141 3
74 547 6
74 239 1
75 57 10
75 30 4
75 118 1
75 96 1
75 721 5
75 414 5
75 664 5
75 455 9
75 138 9
75 457 8
76 113 6
76 728 5
76 16 7
76 133 1
76 61 6
76 734 5
76 689 8
76 890 7
76 59 3
76 488 7
77 127 1
77 112 1
77 275 5
77 800 3
77 328 5
77 47 4
77 254 3
77 720 8
77 139 10
77 649 10
78 523 8
78 420 9
78 643 6
78 188 1
78 14 4
78 48 6
78 871 8
78 369 7
78 528 2
78 173 9
79 187 2
79 370 1
79 891 5
79 642 5
79 721 1
79 241 7
79 300 6
79 228 3
79 379 4
79 256 5
80 308 10
80 665 4
80 644 3
80 902 6
80 830 9
80 55 1
80 576 4
80 758 7
80 60 8
80 35 8
81 811 8
81 124 6
81 401 8
81 246 10
81 348 8
81 958 6
81 928 8
81 237 4
81 992 2
81 917 4
82 68 1
82 883 7
82 95 1
82 192 10
82 686 1
82 819 6
82 530 9
82 361 3
82 247 4
82 385 6
83 764 7
83 711 10
83 464 7
83 722 7
83 672 3
83 388 6
83 280 1
83 61 9
83 523 5
83 551 6
84 210 4
84 195 7
84 747 8
84 403 6
84 51 4
84 951 5
84 305 8
84 525 9
84 130 7
84 898 10
85 458 6
85 101 7
85 141 10
85 6 10
85 146 9
85 501 2
85 491 9
85 384 2
85 480 8
85 656 8
86 953 4
86 175 4
86 831 8
86 133 1
86 532 1
86 665 7
86 559 7
86 728 10
86 201 2
86 464 2
87 156 5
87 761 9
87 916 8
87 906 6
87 705 3
87 596 9
87 842 9
87 384 5
87 323 5
87 1 6
88 399 7
88 778 10
88 126 3
88 666 6
88 151 2
88 487 6
88 103 3
88 904 2
88 543 9
88 341 6
89 212 10
89 516 10
89 589 9
89 263 3
89 871 8
89 404 3
89 993 8
89 405 1
89 676 1
89 929 5
90 456 10
90 607 10
90 649 10
90 499 7
90 60 8
90 274 8
90 681 2
90 355 10
90 456 10
90 423 9
91 975 3
91 824 6
91 887 10
91 916 7
91 523 1
91 221 3
91 40 6
91 378 1
91 354 10
91 281 9
92 702 6
92 6 7
92 519 7
92 597 9
92 630 3
92 361 5
92 789 1
92 354 9
92 668 10
92 478 8
93 77 3
93 825 5
93 34 6
93 969 1
93 927 2
93 267 4
93 64 5
93 368 5
93 436 10
93 241 4
94 114 7
94 398 3
94 328 10
94 355 9
94 459 3
94 967 3
94 835 5
94 992 4
94 615 6
94 510 4
95 822 1
95 215 1
95 106 2
95 801 1
95 28 4
95 921 6
95 343 3
95 462 3
95 418 6
95 778 9
96 339 2
96 465 5
96 192 1
96 289 9
96 601 5
96 215 4
96 888 2
96 235 8
96 19 3
96 866 5
97 99 7
97 894 9
97 203 9
97 826 9
97 744 9
97 472 2
97 613 2
97 103 7
97 462 7
97 613 2
98 12 5
98 695 5
98 213 7
98 747 9
98 404 9
98 672 5
98 363 10
98 405 4
98 390 8
98 641 8
99 617 3
99 376 8
99 9 2
99 661 7
99 179 1
99 619 5
99 991 8
99 749 8
99 78 3
99 918 6
100 636 3
100 104 7
100 267 6
100 695 7
100 292 9
100 363 6
100 820 4
100 631 10
100 230 7
100 998 8
101 669 4
101 110 2
101 24 3
101 174 4
101 771 7
101 661 9
101 275 1
101 420 3
101 432 6
101 982 3
102 930 6
102 313 3
102 14 6
102 906 1
102 894 8
102 652 1
102 310 7
102 482 5
102 259 4
102 421 3
103 432 5
103 98 3
103 902 6
103 662 1
103 71 7
103 708 1
103 634 8
103 411 3
103 801 2
103 816 1
104 711 10
104 418 3
104 675 9
104 651 1
104 951 2
104 88 7
104 734 9
104 359 8
104 925 4
104 32 5
105 361 8
105 828 3
105 259 5
105 663 7
105 101 8
105 743 6
105 631 10
105 408 3
105 238 1
105 317 8
106 481 1
106 772 3
106 703 5
106 529 7
106 491 2
106 128 3
106 173 3
106 612 8
106 880 2
106 272 5
107 194 3
107 727 10
107 705 5
107 575 3
107 216 4
107 169 4
107 921 5
107 250 7
107 146 5
107 411 1
108 214 6
108 626 6
108 329 6
108 1000 8
108 61 7
108 604 3
108 398 4
108 588 10
108 341 6
108 231 3
109 276 10
109 248 10
109 552 9
109 998 9
109 403 2
109 160 6
109 395 7
109 808 1
109 658 5
109 397 9
110 304 2
110 334 7
110 664 10
110 35 4
110 221 4
110 308 8
110 992 3
110 343 2
110 720 3
110 125 8
111 512 9
111 366 3
111 174 9
111 842 4
111 847 7
111 42 9
111 598 8
111 887 2
111 450 1
111 259 7
112 94 4
112 244 5
112 31 6
112 447 3
112 805 8
112 789 2
112 454 3
112 196 10
112 446 5
112 352 1
113 381 8
113 570 3
113 521 5
113 972 10
113 417 3
113 567 1
113 543 4
113 32 9
113 737 4
113 734 7
114 707 7
114 860 3
114 75 6
114 47 8
114 316 3
114 677 1
114 961 1
114 735 6
114 911 9
114 352 5
115 206 7
115 576 7
115 45 2
115 475 2
115 55 1
115 933 8
115 221 4
115 505 3
115 315 8
115 919 10
116 182 4
116 595 7
116 4 8
116 734 1
116 480 10
116 761 2
116 8 7
116 628 8
116 750 10
116 901 3
117 292 5
117 114 6
117 878 10
117 711 7
117 157 4
117 904 2
117 408 3
117 851 3
117 862 9
117 439 9
118 699 10
118 810 10
118 946 5
118 606 9
118 590 10
118 974 5
118 781 1
118 68 9
118 468 5
118 890 7
119 984 8
119 734 4
119 950 10
119 394 6
119 488 1
119 869 4
119 422 2
119 733 10
119 308 7
119 867 8
120 189 9
120 131 10
120 757 7
120 772 8
120 475 7
120 690 10
120 48 8
120 211 7
120 776 7
120 282 1
121 977 5
121 723 2
121 643 7
121 377 6
121 401 10
121 296 1
121 123 2
121 319 3
121 20 5
121 825 10
122 196 6
122 147 7
122 727 9
122 132 7
122 890 9
122 620 10
122 856 8
122 169 3
122 214 3
122 204 7
123 377 2
123 706 3
123 605 6
123 555 8
123 363 4
123 272 6
123 861 8
123 10 2
123 52 8
123 609 8
124 597 9
124 737 6
124 724 9
124 88 1
124 916 6
124 492 1
124 875 3
124 868 6
124 393 3
124 837 5
125 849 2
125 672 1
125 944 6
125 582 5
125 223 5
125 690 5
125 92 8
125 939 9
125 1000 5
125 105 3
126 974 2
126 858 8
126 936 5
126 257 1
126 527 4
126 700 10
126 233 5
126 787 10
126 531 9
126 485 3
127 513 8
127 869 9
127 642 1
127 140 3
127 538 4
127 952 5
127 285 7
127 16 6
127 304 10
127 430 8
128 968 2
128 918 6
128 479 7
128 774 3
128 329 3
128 828 8
128 61 8
128 191 2
128 431 6
128 501 3
129 425 9
129 364 8
129 781 6
129 664 10
129 186 10
129 565 1
129 165 9
129 244 7
129 419 9
129 93 2
130 430 9
130 454 5
130 205 5
130 817 8
130 220 5
130 182 7
130 148 7
130 749 1
130 739 8
130 727 8
131 895 8
131 554 2
131 919 9
131 107 9
131 737 7
131 925 2
131 219 2
131 84 2
131 833 7
131 899 9
132 14 10
132 637 6
132 219 8
132 860 1
132 138 3
132 402 10
132 443 8
132 494 5
132 753 6
132 851 2
133 589 4
133 216 7
133 157 2
133 662 10
133 460 7
133 746 4
133 628 7
133 206 7
133 252 5
133 849 8
134 930 8
134 288 2
134 937 2
134 692 1
134 779 4
134 757 1
134 249 10
134 767 1
134 14 5
134 43 8
135 358 10
135 873 4
135 579 3
135 254 9
135 476 1
135 778 5
135 372 9
135 881 3
135 968 9
135 355 7
136 203 4
136 70 9
136 865 10
136 662 1
136 545 4
136 601 4
136 981 8
136 954 6
136 942 10
136 468 5
137 242 8
137 922 3
137 780 8
137 171 9
137 122 10
137 113 8
137 102 2
137 251 2
137 878 1
137 13 9
138 373 10
138 113 4
138 659 1
138 772 4
138 318 8
138 604 10
138 845 6
138 181 6
138 785 5
138 783 6
139 273 3
139 975 3
139 823 9
139 34 8
139 643 9
139 687 9
139 589 8
139 659 6
139 814 4
139 852 5
140 237 8
140 160 10
140 121 10
140 815 8
140 141 9
140 211 6
140 640 2
140 750 8
140 334 9
140 938 5
141 100 5
141 109 2
141 870 4
141 349 7
141 960 8
141 948 9
141 547 8
141 500 1
141 257 5
141 457 4
142 88 10
142 644 1
142 294 2
142 495 8
142 60 7
142 246 9
142 668 9
142 366 6
142 261 10
142 802 7
143 906 5
143 17 6
143 509 7
143 424 2
143 464 8
143 6 7
143 173 10
143 298 8
143 522 3
143 180 4
144 18 4
144 560 7
144 859 1
144 618 6
144 980 5
144 336 8
144 317 8
144 709 6
144 773 3
144 28 5
145 569 1
145 690 1
145 220 10
145 532 6
145 899 10
145 587 3
145 121 7
145 972 9
145 741 2
145 341 6
146 469 3
146 567 2
146 842 9
146 56 2
146 651 8
146 455 3
146 726 3
146 955 3
146 252 8
146 807 7
147 963 9
147 2 2
147 179 2
147 362 8
147 732 10
147 197 1
147 708 1
147 677 7
147 202 2
147 1 1
148 946 2
148 540 5
148 501 8
148 488 9
148 523 2
148 772 4
148 315 5
148 604 4
148 517 4
148 787 3
149 801 8
149 172 1
149 626 6
149 655 10
149 513 9
149 113 3
149 895 3
149 210 9
149 164 4
149 993 7
150 737 8
150 708 10
150 633 6
150 868 5
150 192 2
150 400 6
150 657 7
150 819 4
150 554 8
150 211 8
151 754 4
151 92 7
151 468 1
151 860 7
151 615 4
151 364 4
151 911 2
151 575 3
151 846 8
151 593 9
152 160 8
152 234 3
152 665 5
152 484 4
152 664 6
152 31 2
152 668 9
152 938 3
152 126 2
152 776 3
153 956 10
153 497 5
153 220 10
153 244 3
153 121 7
153 105 7
153 136 8
153 980 6
153 670 1
153 953 1
154 162 8
154 409 2
154 449 6
154 751 6
154 134 8
154 581 10
154 491 5
154 759 8
154 730 1
154 327 6
155 540 6
155 68 1
155 427 3
155 847 6
155 122 5
155 721 2
155 337 8
155 717 10
155 934 1
155 746 10
156 862 8
156 488 2
156 493 8
156 371 8
156 439 5
156 821 7
156 986 9
156 385 4
156 342 8
156 893 7
157 850 2
157 991 5
157 776 1
157 264 10
157 126 5
157 696 8
157 731 1
157 294 10
157 89 5
157 957 2
158 708 8
158 790 4
158 598 5
158 352 6
158 63 7
158 931 5
158 609 3
158 82 3
158 686 1
158 299 4
159 832 2
159 523 6
159 790 6
159 351 8
159 41 8
159 175 4
159 947 8
159 764 7
159 377 2
159 239 6
160 633 4
160 921 10
160 433 7
160 661 5
160 264 6
160 949 3
160 841 5
160 811 4
160 771 5
160 120 4
161 247 4
161 392 8
161 14 4
161 220 3
161 567 3
161 848 8
161 997 1
161 861 5
161 550 7
161 790 8
162 283 7
162 583 2
162 266 7
162 71 9
162 598 7
162 336 10
162 476 4
162 546 6
162 641 3
162 850 10
163 41 10
163 873 5
163 378 10
163 237 10
163 984 9
163 455 6
163 201 4
163 961 1
163 798 6
163 526 9
164 30 4
164 955 2
164 418 6
164 847 2
164 895 1
164 298 2
164 567 3
164 55 5
164 660 6
164 415 2
165 801 10
165 27 7
165 8 5
165 474 1
165 590 6
165 418 7
165 837 6
165 985 2
165 928 5
165 478 8
166 588 9
166 201 2
166 379 9
166 12 5
166 356 4
166 424 6
166 949 8
166 189 3
166 143 1
166 306 1
167 993 3
167 629 1
167 469 10
167 966 9
167 209 3
167 139 7
167 312 2
167 122 4
167 10 6
167 933 9
168 46 6
168 388 6
168 180 4
168 916 6
168 697 5
168 255 3
168 116 9
168 269 10
168 814 8
168 801 6
169 324 2
169 288 10
169 732 5
169 602 5
169 299 7
169 527 8
169 668 1
169 778 7
169 699 9
169 528 4
170 584 9
170 637 6
170 110 6
170 468 2
170 309 9
170 287 3
170 348 8
170 247 4
170 936 2
170 94 3
171 286 4
171 362 6
171 519 4
171 369 8
171 775 8
171 308 10
171 820 5
171 757 8
171 919 4
171 994 5
172 347 9
172 71 8
172 516 7
172 608 1
172 161 10
172 389 3
172 231 8
172 384 7
172 55 7
172 583 8
173 390 2
173 222 2
173 366 1
173 468 10
173 962 1
173 431 6
173 514 4
173 148 5
173 317 5
173 997 2
174 475 7
174 268 6
174 882 10
174 529 4
174 282 6
174 710 9
174 124 2
174 717 2
174 549 4
174 640 10
175 521 3
175 78 2
175 97 6
175 167 7
175 339 10
175 748 2
175 742 9
175 511 7
175 335 6
175 40 3
176 328 3
176 194 2
176 955 10
176 943 1
176 946 8
176 387 4
176 473 9
176 886 6
176 969 3
176 804 2
177 197 8
177 948 7
177 883 7
177 582 5
177 420 4
177 123 3
177 739 4
177 165 1
177 645 10
177 452 6
178 545 10
178 37 3
178 719 10
178 522 7
178 616 6
178 373 4
178 409 2
178 321 7
178 265 2
178 47 9
179 164 8
179 442 3
179 416 8
179 64 8
179 932 5
179 923 4
179 961 8
179 198 7
179 681 2
179 696 3
180 264 2
180 144 3
180 848 4
180 97 8
180 331 7
180 651 7
180 140 2
180 30 3
180 261 3
180 830 2
181 523 6
181 477 4
181 31 5
181 126 7
181 526 9
181 413 2
181 463 10
181 639 2
181 581 5
181 621 2
182 379 2
182 786 4
182 827 5
182 142 6
182 322 4
182 914 1
182 147 10
182 113 2
182 656 7
182 284 3
183 625 7
183 812 4
183 256 10
183 355 2
183 789 3
183 383 1
183 455 4
183 32 10
183 315 2
183 692 7
184 121 10
184 151 1
184 392 2
184 380 10
184 533 4
184 246 5
184 445 2
184 41 5
184 459 6
184 885 9
185 233 7
185 79 1
185 350 3
185 931 2
185 580 6
185 753 4
185 480 10
185 280 10
185 255 6
185 328 3
186 107 2
186 66 2
186 534 3
186 455 6
186 679 1
186 86 1
186 665 9
186 479 4
186 783 8
186 61 4
187 850 7
187 378 5
187 79 5
187 404 10
187 263 10
187 760 4
187 939 4
187 99 2
187 279 2
187 154 7
188 467 3
188 435 2
188 282 5
188 739 7
188 556 5
188 295 10
188 64 7
188 52 3
188 225 2
188 889 6
189 619 6
189 585 7
189 697 9
189 203 5
189 36 9
189 259 1
189 67 3
189 842 4
189 370 8
189 832 6
190 22 8
190 817 2
190 645 5
190 787 6
190 472 7
190 118 3
190 47 3
190 422 2
190 542 7
190 928 8
191 979 2
191 21 9
191 695 8
191 206 9
191 263 2
191 232 4
191 87 8
191 190 5
191 664 7
191 625 2
192 491 6
192 646 5
192 202 10
192 393 8
192 881 2
192 585 5
192 366 10
192 229 7
192 759 5
192 877 10
193 252 4
193 502 2
193 624 9
193 495 10
193 578 4
193 540 5
193 506 5
193 421 9
193 872 3
193 998 7
194 596 9
194 150 9
194 419 4
194 611 3
194 734 4
194 997 8
194 685 2
194 771 2
194 524 5
194 975 2
195 106 9
195 431 4
195 811 4
195 238 2
195 444 9
195 304 10
195 934 5
195 393 2
195 565 8
195 731 2
196 691 4
196 356 10
196 758 6
196 384 10
196 234 9
196 611 1
196 538 7
196 386 1
196 399 1
196 754 1
197 800 10
197 410 4
197 797 10
197 211 3
197 289 6
197 390 7
197 503 10
197 737 4
197 262 3
197 937 5
198 369 2
198 375 3
198 653 3
198 911 6
198 952 1
198 225 2
198 29 4
198 553 10
198 686 1
198 181 6
199 277 1
199 452 1
199 678 5
199 431 9
199 13 8
199 827 1
199 259 1
199 686 3
199 774 4
199 791 7
200 160 8
200 626 6
200 263 4
200 442 5
200 357 4
200 818 8
200 651 9
200 186 6
200 370 7
200 876 4
201 278 6
201 650 6
201 268 10
201 548 8
201 951 4
201 195 9
201 932 2
201 730 2
201 495 9
201 603 7
202 877 8
202 582 10
202 775 1
202 184 9
202 392 2
202 75 4
202 905 10
202 280 8
202 118 9
202 263 9
203 989 1
203 167 7
203 187 2
203 630 8
203 344 9
203 720 4
203 967 9
203 729 5
203 893 2
203 140 10
204 31 1
204 226 3
204 680 1
204 950 5
204 302 3
204 785 8
204 505 1
204 213 6
204 389 3
204 318 8
205 648 6
205 638 8
205 562 1
205 364 7
205 349 10
205 279 10
205 998 10
205 188 9
205 166 6
205 29 10
206 904 6
206 791 9
206 203 3
206 246 6
206 366 1
206 455 5
206 702 2
206 579 3
206 969 5
206 885 7
207 197 7
207 314 6
207 716 8
207 843 1
207 39 3
207 466 1
207 770 5
207 77 3
207 544 8
207 624 2
208 413 1
208 597 5
208 213 8
208 241 3
208 638 10
208 909 5
208 636 6
208 957 10
208 348 4
208 812 8
209 308 6
209 68 1
209 957 1
209 850 6
209 507 1
209 954 5
209 273 8
209 880 5
209 39 2
209 486 8
210 698 4
210 628 4
210 391 8
210 208 8
210 540 10
210 983 5
210 241 1
210 257 6
210 367 3
210 409 5
211 3 10
211 466 8
211 432 2
211 627 2
211 920 9
211 370 7
211 436 5
211 8 8
211 173 4
211 523 9
212 307 2
212 785 4
212 891 3
212 724 9
212 734 6
212 364 7
212 911 6
212 828 5
212 826 2
212 178 7
213 20 1
213 40 6
213 48 1
213 443 2
213 353 1
213 445 9
213 949 4
213 98 3
213 612 9
213 680 5
214 81 6
214 953 2
214 647 6
214 337 3
214 799 4
214 548 9
214 395 6
214 338 9
214 664 6
214 854 1
215 223 6
215 726 6
215 205 2
215 778 10
215 723 5
215 82 2
215 477 2
215 924 9
215 28 6
215 878 6
216 986 1
216 25 2
216 787 6
216 395 6
216 743 8
216 83 10
216 757 4
216 635 10
216 472 6
216 300 9
217 684 3
217 421 6
217 326 4
217 200 9
217 157 3
217 959 2
217 921 5
217 696 10
217 64 10
217 52 8
218 366 9
218 182 5
218 678 1
218 385 10
218 4 7
218 631 1
218 863 6
218 698 9
218 417 3
218 378 9
219 487 5
219 929 10
219 53 3
219 91 8
219 221 4
219 764 4
219 893 8
219 942 7
219 609 3
219 985 1
220 662 8
220 936 2
220 377 9
220 575 9
220 387 8
220 449 10
220 1 8
220 433 1
220 594 8
220 547 6
221 978 4
221 879 5
221 629 6
221 634 4
221 188 4
221 977 6
221 514 9
221 234 2
221 470 10
221 235 6
222 638 5
222 990 7
222 785 6
222 388 7
222 10 5
222 419 6
222 554 3
222 68 1
222 985 6
222 142 4
223 384 8
223 184 5
223 629 1
223 883 8
223 710 8
223 833 3
223 804 3
223 599 1
223 141 7
223 606 2
224 45 9
224 662 10
224 878 3
224 340 4
224 398 9
224 114 1
224 711 5
224 732 8
224 4 9
224 402 1
225 452 1
225 89 9
225 622 7
225 896 9
225 792 3
225 823 6
225 594 10
225 934 10
225 357 2
225 63 9
226 496 8
226 966 9
226 640 4
226 40 2
226 927 8
226 551 4
226 631 10
226 453 6
226 122 3
226 845 3
227 838 10
227 490 1
227 786 10
227 982 9
227 230 5
227 795 5
227 458 4
227 846 4
227 594 8
227 611 5
228 824 6
228 335 4
228 56 4
228 715 1
228 811 10
228 904 6
228 591 4
228 392 1
228 476 10
228 221 7
229 251 2
229 667 2
229 137 2
229 827 10
229 19 9
229 872 6
229 504 6
229 257 2
229 444 2
229 546 1
230 674 4
230 541 2
230 640 1
230 100 4
230 345 2
230 217 6
230 123 8
230 376 9
230 305 2
230 754 2
231 920 4
231 308 3
231 707 3
231 69 2
231 20 3
231 934 1
231 673 3
231 256 5
231 285 7
231 264 9
232 480 1
232 724 10
232 850 1
232 515 1
232 489 10
232 649 6
232 911 2
232 60 4
232 759 4
232 745 4
233 483 5
233 148 3
233 630 4
233 363 1
233 990 8
233 32 10
233 465 10
233 80 1
233 179 1
233 292 6
234 501 5
234 850 1
234 662 9
234 115 9
234 49 7
234 761 5
234 661 1
234 40 6
234 530 1
234 749 9
235 304 1
235 462 6
235 451 10
235 700 8
235 975 8
235 128 3
235 96 4
235 218 7
235 834 5
235 863 7
236 847 10
236 208 10
236 629 9
236 424 4
236 929 9
236 770 2
236 741 2
236 11 2
236 880 1
236 283 8
237 524 2
237 501 1
237 795 7
237 393 5
237 237 3
237 186 3
237 949 7
237 651 3
237 677 9
237 70 4
238 953 8
238 351 7
238 331 8
238 294 5
238 857 6
238 140 8
238 701 7
238 262 4
238 37 1
238 229 9
239 730 5
239 605 2
239 850 3
239 986 9
239 16 7
239 648 2
239 870 2
239 475 6
239 122 3
239 348 9
240 406 10
240 369 5
240 741 1
240 869 1
240 845 6
240 937 8
240 598 3
240 598 3
240 426 10
240 600 5
241 949 2
241 695 6
241 979 1
241 953 4
241 343 3
241 848 8
241 636 3
241 567 8
241 897 3
241 44 5
242 578 6
242 821 9
242 153 9
242 964 2
242 54 6
242 372 10
242 650 3
242 198 4
242 328 8
242 372 10
243 244 2
243 676 1
243 466 7
243 967 3
243 804 6
243 768 10
243 395 7
243 74 1
243 161 5
243 1000 6
244 36 10
244 973 3
244 968 8
244 190 10
244 591 8
244 798 1
244 634 4
244 486 6
244 11 10
244 632 8
245 900 2
245 263 8
245 742 7
245 715 5
245 392 1
245 113 6
245 527 8
245 525 3
245 31 7
245 815 5
246 756 2
246 669 2
246 138 1
246 826 6
246 188 1
246 270 10
246 958 5
246 783 2
246 68 1
246 223 6
247 518 7
247 558 2
247 222 3
247 690 5
247 281 2
247 497 6
247 697 7
247 1 9
247 846 1
247 351 5
248 296 10
248 600 5
248 752 10
248 714 5
248 782 7
248 216 9
248 559 5
248 383 6
248 616 7
248 642 3
249 959 6
249 520 6
249 805 7
249 992 6
249 962 7
249 236 1
249 120 3
249 775 5
249 191 5
249 563 9
250 535 6
250 253 1
250 867 1
250 745 9
250 86 10
250 411 7
250 110 2
250 495 3
250 352 8
250 539 7
251 904 4
251 685 5
251 488 1
251 591 2
251 450 10
251 750 5
251 344 2
251 751 6
251 98 2
251 817 3
252 150 2
252 277 8
252 244 2
252 758 4
252 541 8
252 714 1
252 279 5
252 461 8
252 699 2
252 199 10
253 835 4
253 861 6
253 333 2
253 180 8
253 104 1
253 35 7
253 100 2
253 435 9
253 893 2
253 395 3
254 37 2
254 532 7
254 942 8
254 614 1
254 36 1
254 501 3
254 147 5
254 927 4
254 6 5
254 494 3
255 477 5
255 36 5
255 247 7
255 819 7
255 749 1
255 734 3
255 157 3
255 3 9
255 234 10
255 921 5
256 181 4
256 762 9
256 145 5
256 338 7
256 252 6
256 551 3
256 690 6
256 618 10
256 265 5
256 441 4
257 134 1
257 34 5
257 517 9
257 480 9
257 990 1
257 990 1
257 255 1
257 981 5
257 62 8
257 31 7
258 691 1
258 442 5
258 523 2
258 765 7
258 572 4
258 762 4
258 6 10
258 194 9
258 446 1
258 813 2
259 523 7
259 593 2
259 677 4
259 542 5
259 390 1
259 142 3
259 765 2
259 145 6
259 627 5
259 248 5
260 321 9
260 32 10
260 300 7
260 894 4
260 63 3
260 505 1
260 391 5
260 54 1
260 424 7
260 987 9
261 984 9
261 458 2
261 203 9
261 965 9
261 598 7
261 354 9
261 758 5
261 47 5
261 272 4
261 270 3
262 713 1
262 291 9
262 279 1
262 423 4
262 457 6
262 854 10
262 143 4
262 698 6
262 378 3
262 20 9
263 158 6
263 937 8
263 923 2
263 653 2
263 861 6
263 490 9
263 137 6
263 554 3
263 324 10
263 67 9
264 543 6
264 800 10
264 796 4
264 57 4
264 44 10
264 663 8
264 171 2
264 69 9
264 980 4
264 157 5
265 577 2
265 477 6
265 591 2
265 460 3
265 315 7
265 517 4
265 103 6
265 136 3
265 523 1
265 863 9
266 538 10
266 713 7
266 899 1
266 518 2
266 487 4
266 739 6
266 152 7
266 710 9
266 886 9
266 208 2
267 561 5
267 118 10
267 929 9
267 566 8
267 232 4
267 162 9
267 399 4
267 998 9
267 335 4
267 110 5
268 335 9
268 90 6
268 691 2
268 718 8
268 470 2
268 353 7
268 847 4
268 612 1
268 930 3
268 121 2
269 458 5
269 869 7
269 419 1
269 147 2
269 805 10
269 764 9
269 377 10
269 995 8
269 792 5
269 622 5
270 185 6
270 187 10
270 172 8
270 507 10
270 404 6
270 744 9
270 624 4
270 433 4
270 666 5
270 254 8
271 298 5
271 718 1
271 414 1
271 285 3
271 96 8
271 527 2
271 61 6
271 994 4
271 251 3
271 658 3
272 551 3
272 659 10
272 700 2
272 54 5
272 672 8
272 501 7
272 758 9
272 66 1
272 536 9
272 639 5
273 372 5
273 482 4
273 818 7
273 65 1
273 652 6
273 320 3
273 321 3
273 862 6
273 475 4
273 446 10
274 927 4
274 590 2
274 817 7
274 390 8
274 747 1
274 646 3
274 199 1
274 249 3
274 63 1
274 39 2
275 687 4
275 291 2
275 578 3
275 947 1
275 121 9
275 757 2
275 816 6
275 1 3
275 166 1
275 610 1
276 798 7
276 902 8
276 482 1
276 321 8
276 616 10
276 214 1
276 224 3
276 268 9
276 320 8
276 545 3
277 89 2
277 590 3
277 659 10
277 724 1
277 933 6
277 187 10
277 863 10
277 304 9
277 914 5
277 678 8
278 340 5
278 343 8
278 322 2
278 666 3
278 416 9
278 29 10
278 656 7
278 773 3
278 816 3
278 824 5
279 353 4
279 336 6
279 171 6
279 98 1
279 330 7
279 458 3
279 376 8
279 329 2
279 710 10
279 413 7
280 254 10
280 632 3
280 86 7
280 990 10
280 956 2
280 290 5
280 484 5
280 319 1
280 895 7
280 841 5
281 705 10
281 266 10
281 927 2
281 141 1
281 899 7
281 514 6
281 987 7
281 265 2
281 728 1
281 95 10
282 292 4
282 571 4
282 315 1
282 566 3
282 876 8
282 288 6
282 84 6
282 840 4
282 94 6
282 174 8
283 199 2
283 124 9
283 487 5
283 225 8
283 332 5
283 471 6
283 689 4
283 603 9
283 897 9
283 577 10
284 673 1
284 577 3
284 588 5
284 291 10
284 306 9
284 247 6
284 67 3
284 102 7
284 711 2
284 802 3
285 246 1
285 507 10
285 65 3
285 296 10
285 14 10
285 826 9
285 943 7
285 347 7
285 942 10
285 256 7
286 396 8
286 102 9
286 285 2
286 878 1
286 1 6
286 449 7
286 14 1
286 890 10
286 356 6
286 569 9
287 688 4
287 962 6
287 2 3
287 862 8
287 972 6
287 150 6
287 1 8
287 918 1
287 861 9
287 373 10
288 420 6
288 200 4
288 46 3
288 548 4
288 471 4
288 298 1
288 35 7
288 258 9
288 590 2
288 162 3
289 52 2
289 268 5
289 549 4
289 827 3
289 252 2
289 819 3
289 559 7
289 620 6
289 673 3
289 777 1
290 740 7
290 700 6
290 656 8
290 681 2
290 511 5
290 321 10
290 847 1
290 847 1
290 958 9
290 420 1
291 937 6
291 724 8
291 718 7
291 208 1
291 499 9
291 766 10
291 599 10
291 792 9
291 466 3
291 816 3
292 373 1
292 12 6
292 677 9
292 971 1
292 724 9
292 560 1
292 484 6
292 866 4
292 686 10
292 459 5
293 69 7
293 104 2
293 44 1
293 123 9
293 518 10
293 410 1
293 632 9
293 23 7
293 358 9
293 615 10
294 177 1
294 529 8
294 895 1
294 247 3
294 940 6
294 240 7
294 301 9
294 589 6
294 895 1
294 135 2
295 72 6
295 187 2
295 956 4
295 927 10
295 641 9
295 315 2
295 876 10
295 904 3
295 303 9
295 65 3
296 905 4
296 362 9
296 214 8
296 675 5
296 783 6
296 721 9
296 389 6
296 835 4
296 516 6
296 315 8
297 993 5
297 142 10
297 276 10
297 84 7
297 752 2
297 143 1
297 365 7
297 338 5
297 313 8
297 513 4
298 803 7
298 444 1
298 824 10
298 566 10
298 919 7
298 52 1
298 431 4
298 900 10
298 292 6
298 747 9
299 709 4
299 559 5
299 738 6
299 562 7
299 187 7
299 955 9
299 840 4
299 171 2
299 405 5
299 865 10
300 60 6
300 762 8
300 784 8
300 570 8
300 531 4
300 855 2
300 654 8
300 876 2
300 816 9
300 887 5
301 597 3
301 84 6
301 286 8
301 284 3
301 51 10
301 467 8
301 267 5
301 821 5
301 40 4
301 717 4
302 339 10
302 474 1
302 80 2
302 178 7
302 852 6
302 657 9
302 393 5
302 447 10
302 671 4
302 50 6
303 292 2
303 542 1
303 801 10
303 656 3
303 711 2
303 699 3
303 192 3
303 79 8
303 383 8
303 178 5
304 263 5
304 692 8
304 155 3
304 350 6
304 125 6
304 392 5
304 934 7
304 296 7
304 795 1
304 168 8
305 764 7
305 619 4
305 559 2
305 289 1
305 750 9
305 691 3
305 671 4
305 562 10
305 141 9
305 299 2
306 153 5
306 176 8
306 295 3
306 990 9
306 463 8
306 909 5
306 872 6
306 757 8
306 144 10
306 409 7
307 523 7
307 384 2
307 130 7
307 190 8
307 673 4
307 505 10
307 981 1
307 655 1
307 875 1
307 537 1
308 991 5
308 849 5
308 434 5
308 222 2
308 795 7
308 541 1
308 221 8
308 748 9
308 838 7
308 26 10
309 455 6
309 69 5
309 277 2
309 958 9
309 712 6
309 811 7
309 909 7
309 321 9
309 283 5
309 784 9
310 35 8
310 268 6
310 619 9
310 401 10
310 695 10
310 191 5
310 827 8
310 913 10
310 431 5
310 824 5
311 477 10
311 207 5
311 229 5
311 809 1
311 904 8
311 452 10
311 370 9
311 21 6
311 660 3
311 829 2
312 38 2
312 982 8
312 399 2
312 424 10
312 903 7
312 689 8
312 556 4
312 818 1
312 311 4
312 707 7
313 497 5
313 41 4
313 674 10
313 280 10
313 938 7
313 930 6
313 633 3
313 401 1
313 416 2
313 582 9
314 171 8
314 858 2
314 47 7
314 727 9
314 898 3
314 909 7
314 993 4
314 827 3
314 245 2
314 756 7
315 98 2
315 704 5
315 991 9
315 20 7
315 872 7
315 340 1
315 306 9
315 668 4
315 626 10
315 343 5
316 403 5
316 413 9
316 852 10
316 852 10
316 673 9
316 119 1
316 993 1
316 855 8
316 300 7
316 263 7
317 182 9
317 678 5
317 971 5
317 441 8
317 929 2
317 880 6
317 764 5
317 453 9
317 259 4
317 312 10
318 750 4
318 124 3
318 190 4
318 132 10
318 317 5
318 83 5
318 425 8
318 412 6
318 317 5
318 897 3
319 909 7
319 253 9
319 362 4
319 28 2
319 58 10
319 918 2
319 652 6
319 356 7
319 307 6
319 925 5
320 918 8
320 834 9
320 600 8
320 123 10
320 208 6
320 920 7
320 315 8
320 22 6
320 488 1
320 680 5
321 214 2
321 832 3
321 845 3
321 623 5
321 992 5
321 597 6
321 23 4
321 595 4
321 914 1
321 578 6
322 561 4
322 633 4
322 686 4
322 387 6
322 962 6
322 146 3
322 999 7
322 409 10
322 135 2
322 80 6
323 773 4
323 461 3
323 124 10
323 935 4
323 789 6
323 641 6
323 406 5
323 875 4
323 236 5
323 405 6
324 60 5
324 505 3
324 439 8
324 503 5
324 563 8
324 208 5
324 672 9
324 878 9
324 48 2
324 558 8
325 958 4
325 204 5
325 364 1
325 153 9
325 77 8
325 459 5
325 226 10
325 300 9
325 274 6
325 323 7
326 400 6
326 303 5
326 197 2
326 82 1
326 649 4
326 706 10
326 354 3
326 944 10
326 865 4
326 648 5
327 211 4
327 719 4
327 740 2
327 427 2
327 183 8
327 942 4
327 577 9
327 213 4
327 105 1
327 541 9
328 615 10
328 693 3
328 900 3
328 415 5
328 345 9
328 524 1
328 158 8
328 165 7
328 322 2
328 702 6
329 379 1
329 684 7
329 630 2
329 249 7
329 890 9
329 519 7
329 868 1
329 922 6
329 184 6
329 216 7
330 306 5
330 765 5
330 239 3
330 762 2
330 206 6
330 874 8
330 774 10
330 407 10
330 994 4
330 341 3
331 569 10
331 289 6
331 202 2
331 467 3
331 471 1
331 65 6
331 896 9
331 739 10
331 764 10
331 403 4
332 254 10
332 167 8
332 304 8
332 105 10
332 264 1
332 923 10
332 67 5
332 397 6
332 536 10
332 27 6
333 477 4
333 545 9
333 820 7
333 502 5
333 469 3
333 799 2
333 453 2
333 904 1
333 184 2
333 681 10
334 992 6
334 732 2
334 438 2
334 373 7
334 643 4
334 238 3
334 289 4
334 745 1
334 116 3
334 907 3
335 561 7
335 157 5
335 426 7
335 237 6
335 98 3
335 273 8
335 904 10
335 169 2
335 275 8
335 668 2
336 619 4
336 63 10
336 469 7
336 363 3
336 533 6
336 503 9
336 489 10
336 302 3
336 739 2
336 300 1
337 223 2
337 228 2
337 569 9
337 896 6
337 127 2
337 169 10
337 732 10
337 860 2
337 802 10
337 151 6
338 572 4
338 408 10
338 835 6
338 621 9
338 239 5
338 585 8
338 72 2
338 361 8
338 563 7
338 766 3
339 540 3
339 35 10
339 256 7
339 973 6
339 506 2
339 361 1
339 318 2
339 448 10
339 933 1
339 361 1
340 87 7
340 711 2
340 558 10
340 110 8
340 820 7
340 10 5
340 756 5
340 243 6
340 890 4
340 589 9
341 543 3
341 23 2
341 651 9
341 817 9
341 175 6
341 538 4
341 66 7
341 999 5
341 32 8
341 519 7
342 640 8
342 187 7
342 954 9
342 306 3
342 514 4
342 62 2
342 179 1
342 768 7
342 61 9
342 403 8
343 933 4
343 472 1
343 197 2
343 696 9
343 570 10
343 341 6
343 184 5
343 781 9
343 779 4
343 268 3
344 832 10
344 104 10
344 398 6
344 523 4
344 287 10
344 957 9
344 831 10
344 734 2
344 66 6
344 169 4
345 911 7
345 70 2
345 498 7
345 885 6
345 430 4
345 312 10
345 992 8
345 72 9
345 271 2
345 981 3
346 407 2
346 681 4
346 542 4
346 498 3
346 714 8
346 686 5
346 918 3
346 705 9
346 246 6
346 689 6
347 633 5
347 313 9
347 187 1
347 44 6
347 886 8
347 455 8
347 91 1
347 894 5
347 435 5
347 139 8
348 985 1
348 460 1
348 771 9
348 68 3
348 365 9
348 890 1
348 566 7
348 87 3
348 560 7
348 343 5
349 938 2
349 516 9
349 473 2
349 597 2
349 598 1
349 479 4
349 590 6
349 976 1
349 533 3
349 117 4
350 474 5
350 338 10
350 946 4
350 154 1
350 293 7
350 769 10
350 748 4
350 98 3
350 425 10
350 591 4
351 306 10
351 918 9
351 585 9
351 318 7
351 390 6
351 869 9
351 535 6
351 486 10
351 198 3
351 402 7
352 342 8
352 409 2
352 248 9
352 681 3
352 672 9
352 645 8
352 565 9
352 449 7
352 348 9
352 123 9
353 78 8
353 17 6
353 808 7
353 850 2
353 411 4
353 955 4
353 803 3
353 416 5
353 445 7
353 567 1
354 367 3
354 480 6
354 329 7
354 52 9
354 100 10
354 442 3
354 50 1
354 986 3
354 550 1
354 821 1
355 241 10
355 187 9
355 665 8
355 51 2
355 395 9
355 845 6
355 663 9
355 891 7
355 832 9
355 781 4
356 147 6
356 997 6
356 732 4
356 725 4
356 519 3
356 300 10
356 650 3
356 186 1
356 805 1
356 163 2
357 132 1
357 119 5
357 865 1
357 407 9
357 548 8
357 276 5
357 835 7
357 503 4
357 773 2
357 746 7
358 732 8
358 345 1
358 207 8
358 881 10
358 115 8
358 538 9
358 809 3
358 528 1
358 958 9
358 44 10
359 769 7
359 372 7
359 354 1
359 715 6
359 442 8
359 500 8
359 583 8
359 21 9
359 864 9
359 172 4
360 410 6
360 141 8
360 400 9
360 461 9
360 61 8
360 442 10
360 347 8
360 706 10
360 706 10
360 626 9
361 196 9
361 906 4
361 172 4
361 436 10
361 930 6
361 471 7
361 697 10
361 294 3
361 36 9
361 452 10
362 910 3
362 699 5
362 144 9
362 456 7
362 766 5
362 969 8
362 855 6
362 989 6
362 534 5
362 688 3
363 211 1
363 336 2
363 984 9
363 885 6
363 380 5
363 610 6
363 750 3
363 127 2
363 9 7
363 338 4
364 398 4
364 418 3
364 954 10
364 81 8
364 224 5
364 752 7
364 521 7
364 955 2
364 264 3
364 164 7
365 467 5
365 532 3
365 366 7
365 668 9
365 395 2
365 995 1
365 563 10
365 317 3
365 764 2
365 748 4
366 427 10
366 307 8
366 864 4
366 629 10
366 664 4
366 518 10
366 646 6
366 245 3
366 61 1
366 137 5
367 505 7
367 191 1
367 845 2
367 958 8
367 867 3
367 325 5
367 331 10
367 337 7
367 514 8
367 188 5
368 124 5
368 549 5
368 73 6
368 498 1
368 200 10
368 196 1
368 892 8
368 636 7
368 674 4
368 891 1
369 362 9
369 178 2
369 850 2
369 863 5
369 500 1
369 733 5
369 527 3
369 144 6
369 76 7
369 993 4
370 433 3
370 433 3
370 649 1
370 796 7
370 29 7
370 89 2
370 51 1
370 114 5
370 819 3
370 395 6
371 262 8
371 597 1
371 89 10
371 683 1
371 383 2
371 976 8
371 895 3
371 481 6
371 801 7
371 912 10
372 658 2
372 275 5
372 615 7
372 362 6
372 338 10
372 807 4
372 531 2
372 205 2
372 884 8
372 24 6
373 996 4
373 901 9
373 174 4
373 30 8
373 71 5
373 998 6
373 947 10
373 702 3
373 312 5
373 464 8
374 464 6
374 289 9
374 947 9
374 987 4
374 337 1
374 85 10
374 563 10
374 17 1
374 105 5
374 915 8
375 190 8
375 145 4
375 420 9
375 666 8
375 215 9
375 789 10
375 58 3
375 966 10
375 838 10
375 985 3
376 395 6
376 39 3
376 877 5
376 628 5
376 77 10
376 672 2
376 122 6
376 222 2
376 760 9
376 524 5
377 815 9
377 823 1
377 540 6
377 206 8
377 33 1
377 661 9
377 965 9
377 655 3
377 266 9
377 607 4
378 149 5
378 815 8
378 209 7
378 16 4
378 245 4
378 782 3
378 379 7
378 779 6
378 267 4
378 757 3
379 618 7
379 662 5
379 887 10
379 626 9
379 84 4
379 819 7
379 183 8
379 782 8
379 670 5
379 320 3
380 136 5
380 857 7
380 303 3
380 321 1
380 328 6
380 255 9
380 185 1
380 814 1
380 213 1
380 739 10
381 500 9
381 135 1
381 122 9
381 606 5
381 12 3
381 485 4
381 156 7
381 299 2
381 889 7
381 619 6
382 193 1
382 326 6
382 419 3
382 453 8
382 717 1
382 291 1
382 414 7
382 179 3
382 726 3
382 632 2
383 571 7
383 752 7
383 550 6
383 165 10
383 392 2
383 848 2
383 447 9
383 66 4
383 936 1
383 387 9
384 303 7
384 474 2
384 721 7
384 130 4
384 99 6
384 237 7
384 469 3
384 842 1
384 321 6
384 1000 4
385 345 3
385 671 3
385 560 4
385 792 7
385 592 4
385 720 3
385 501 6
385 822 8
385 165 6
385 884 8
386 964 2
386 870 4
386 569 3
386 172 3
386 848 6
386 329 1
386 906 1
386 723 3
386 922 5
386 687 5
387 1000 5
387 442 9
387 620 1
387 230 3
387 240 6
387 756 8
387 951 6
387 52 7
387 747 6
387 2 1
388 982 4
388 988 6
388 835 6
388 180 1
388 686 10
388 783 7
388 517 3
388 694 3
388 669 5
388 910 6
389 233 7
389 636 6
389 319 9
389 800 8
389 79 4
389 85 4
389 104 7
389 250 10
389 581 3
389 579 10
390 173 8
390 7 1
390 301 7
390 71 7
390 746 2
390 714 10
390 122 4
390 412 10
390 658 7
390 761 5
391 116 9
391 347 10
391 268 9
391 155 3
391 273 7
391 301 1
391 62 2
391 13 4
391 841 7
391 77 6
392 575 2
392 591 2
392 456 5
392 141 5
392 652 10
392 321 10
392 619 10
392 227 1
392 437 5
392 662 5
393 213 1
393 737 3
393 624 2
393 600 6
393 975 7
393 155 10
393 611 9
393 997 3
393 384 3
393 114 8
394 813 9
394 385 3
394 46 8
394 588 7
394 979 5
394 217 6
394 287 8
394 452 8
394 817 8
394 417 9
395 50 6
395 14 1
395 785 2
395 934 7
395 547 9
395 407 8
395 953 2
395 875 7
395 543 5
395 4 9
396 977 9
396 138 1
396 619 4
396 863 2
396 516 1
396 819 9
396 591 4
396 183 9
396 150 1
396 249 6
397 874 6
397 902 5
397 189 3
397 85 6
397 623 4
397 53 10
397 681 3
397 441 1
397 279 3
397 944 10
398 547 1
398 520 10
398 422 7
398 60 3
398 233 7
398 436 9
398 756 6
398 843 6
398 716 7
398 978 3
399 632 3
399 319 10
399 571 9
399 305 9
399 660 7
399 620 5
399 936 5
399 13 8
399 701 5
399 780 10
400 674 8
400 317 2
400 480 10
400 276 8
400 583 5
400 230 6
400 211 9
400 684 4
400 377 4
400 124 7
401 740 4
401 570 5
401 131 6
401 421 5
401 439 1
401 502 9
401 764 1
401 142 9
401 209 8
401 284 2
402 720 10
402 469 8
402 457 4
402 503 4
402 449 1
402 536 10
402 418 9
402 410 1
402 264 3
402 44 7
403 198 4
403 787 6
403 327 4
403 36 4
403 374 1
403 760 3
403 303 1
403 237 5
403 197 2
403 277 3
404 664 1
404 281 8
404 577 4
404 651 8
404 614 8
404 526 8
404 509 8
404 811 9
404 187 9
404 479 8
405 879 9
405 118 7
405 526 1
405 321 8
405 798 8
405 167 9
405 348 3
405 18 10
405 902 5
405 389 7
406 841 1
406 743 10
406 737 1
406 966 8
406 899 7
406 434 8
406 399 1
406 240 8
406 477 1
406 542 2
407 966 4
407 380 10
407 67 4
407 171 9
407 870 7
407 285 1
407 681 10
407 731 5
407 154 6
407 883 5
408 807 5
408 463 7
408 434 2
408 521 5
408 636 10
408 273 1
408 869 7
408 353 3
408 291 10
408 317 10
409 909 2
409 824 6
409 735 6
409 631 10
409 323 4
409 865 6
409 916 2
409 973 2
409 143 6
409 909 2
410 272 2
410 971 1
410 987 9
410 543 3
410 740 5
410 928 9
410 348 4
410 353 7
410 342 10
410 85 4
411 843 1
411 141 7
411 667 8
411 990 4
411 333 2
411 94 3
411 506 8
411 1 3
411 68 6
411 732 1
412 578 4
412 567 7
412 592 8
412 687 4
412 420 5
412 456 2
412 985 4
412 441 2
412 930 9
412 515 10
413 173 4
413 783 7
413 984 1
413 140 8
413 982 7
413 186 6
413 952 4
413 181 6
413 563 1
413 613 2
414 81 10
414 894 8
414 868 1
414 183 6
414 336 2
414 218 8
414 308 4
414 710 5
414 267 6
414 217 1
415 764 4
415 521 6
415 775 10
415 592 10
415 662 3
415 195 4
415 812 4
415 998 10
415 436 7
415 74 6
416 145 1
416 846 9
416 638 9
416 249 1
416 569 3
416 261 6
416 722 1
416 836 7
416 961 8
416 51 3
417 799 6
417 914 3
417 776 9
417 699 1
417 983 1
417 693 10
417 872 3
417 405 7
417 878 2
417 155 7
418 938 3
418 678 1
418 579 8
418 712 8
418 916 9
418 822 2
418 111 1
418 350 5
418 384 10
418 296 3
419 706 9
419 998 6
419 181 9
419 160 4
419 823 3
419 766 8
419 6 9
419 224 4
419 993 10
419 348 6
420 2 3
420 916 6
420 177 5
420 561 1
420 915 5
420 58 2
420 562 6
420 954 9
420 785 1
420 19 7
421 550 2
421 69 3
421 946 8
421 173 7
421 624 2
421 617 5
421 47 8
421 85 8
421 278 2
421 151 2
422 746 3
422 509 4
422 488 2
422 544 9
422 287 3
422 537 1
422 101 10
422 450 10
422 328 4
422 21 9
423 875 4
423 121 2
423 129 5
423 370 7
423 145 10
423 644 9
423 602 9
423 277 6
423 876 6
423 397 10
424 534 2
424 486 10
424 514 9
424 539 9
424 147 3
424 413 10
424 190 4
424 783 7
424 171 1
424 430 10
425 871 1
425 18 5
425 382 6
425 312 1
425 172 10
425 329 9
425 69 6
425 313 10
425 918 1
425 424 9
426 171 8
426 296 3
426 388 9
426 503 9
426 97 3
426 798 9
426 538 9
426 882 10
426 716 2
426 755 2
427 563 6
427 275 5
427 141 6
427 500 8
427 64 2
427 465 8
427 63 4
427 888 8
427 785 7
427 833 5
428 771 1
428 163 1
428 122 10
428 11 1
428 905 7
428 36 10
428 69 8
428 689 7
428 407 8
428 541 7
429 513 2
429 810 1
429 537 7
429 826 7
429 616 3
429 514 2
429 750 5
429 938 4
429 529 2
429 904 10
430 967 8
430 808 6
430 570 4
430 497 9
430 365 5
430 680 5
430 119 5
430 215 6
430 511 8
430 875 1
431 302 3
431 165 9
431 917 6
431 85 1
431 193 1
431 471 4
431 29 1
431 542 6
431 330 3
431 565 7
432 309 4
432 461 5
432 796 7
432 979 5
432 230 3
432 310 2
432 190 7
432 334 7
432 129 10
432 880 1
433 477 8
433 720 5
433 207 7
433 313 9
433 300 10
433 54 1
433 120 2
433 440 10
433 918 4
433 343 2
434 679 3
434 92 8
434 471 3
434 491 5
434 302 2
434 933 9
434 391 1
434 717 5
434 809 4
434 660 9
435 955 2
435 997 3
435 640 6
435 829 2
435 575 3
435 35 8
435 200 2
435 558 4
435 916 7
435 297 1
436 690 10
436 221 9
436 936 9
436 494 8
436 961 7
436 423 6
436 738 1
436 892 1
436 19 7
436 912 6
437 152 4
437 888 2
437 941 8
437 794 3
437 267 8
437 86 8
437 399 10
437 383 9
437 136 9
437 33 5
438 141 10
438 929 7
438 825 8
438 858 1
438 9 8
438 603 3
438 312 7
438 343 4
438 201 5
438 521 9
439 983 2
439 168 3
439 429 7
439 604 9
439 528 3
439 979 8
439 62 1
439 334 8
439 717 2
439 672 5
440 81 7
440 615 7
440 258 10
440 752 1
440 777 7
440 681 8
440 59 1
440 613 2
440 705 1
440 759 10
441 91 7
441 771 3
441 305 3
441 431 2
441 124 10
441 578 1
441 816 5
441 496 10
441 280 6
441 841 5
442 461 4
442 702 7
442 414 7
442 369 9
442 500 4
442 865 1
442 822 10
442 617 5
442 774 1
442 771 3
443 638 1
443 462 4
443 467 6
443 331 10
443 159 5
443 324 4
443 851 2
443 799 2
443 29 5
443 656 10
444 537 8
444 922 4
444 331 1
444 78 6
444 59 8
444 627 8
444 425 3
444 632 3
444 82 8
444 623 2
445 933 1
445 246 3
445 242 6
445 579 8
445 837 5
445 319 10
445 529 1
445 301 9
445 862 10
445 551 6
446 890 8
446 887 1
446 57 1
446 257 10
446 204 7
446 348 10
446 898 4
446 426 7
446 152 4
446 189 10
447 441 1
447 424 7
447 746 1
447 389 4
447 482 1
447 480 3
447 517 6
447 101 5
447 728 1
447 561 9
448 576 7
448 728 1
448 297 1
448 138 5
448 624 7
448 499 6
448 519 9
448 787 1
448 909 8
448 276 10
449 109 3
449 412 9
449 880 6
449 148 6
449 525 5
449 450 1
449 877 4
449 150 6
449 339 1
449 962 5
450 212 8
450 768 10
450 607 7
450 795 3
450 305 4
450 565 5
450 872 3
450 120 8
450 254 8
450 886 6
451 32 7
451 958 7
451 367 4
451 806 7
451 259 2
451 837 1
451 504 2
451 711 9
451 343 5
451 311 9
452 720 2
452 811 7
452 803 9
452 806 2
452 600 10
452 341 2
452 788 7
452 908 9
452 203 3
452 999 10
453 98 6
453 3 1
453 436 10
453 591 8
453 394 8
453 231 5
453 950 10
453 281 9
453 973 7
453 437 2
454 598 8
454 582 2
454 962 3
454 679 3
454 510 7
454 518 5
454 752 8
454 553 4
454 698 8
454 490 4
455 919 10
455 659 8
455 55 2
455 596 9
455 220 5
455 21 6
455 125 9
455 882 6
455 192 7
455 520 2
456 66 1
456 966 4
456 872 7
456 704 4
456 451 9
456 450 8
456 269 10
456 477 10
456 384 9
456 560 3
457 588 8
457 623 6
457 506 6
457 562 9
457 79 8
457 38 9
457 651 10
457 562 9
457 693 5
457 175 7
458 417 1
458 809 1
458 886 3
458 988 6
458 275 2
458 205 5
458 699 10
458 687 6
458 188 2
458 910 6
459 556 8
459 817 4
459 262 6
459 439 6
459 533 5
459 956 4
459 844 9
459 196 4
459 387 3
459 53 4
460 533 3
460 128 6
460 440 10
460 829 4
460 583 10
460 506 5
460 46 8
460 956 4
460 380 3
460 588 10
461 726 7
461 263 2
461 859 3
461 970 2
461 550 6
461 951 7
461 812 4
461 105 3
461 374 9
461 76 5
462 618 1
462 900 10
462 333 6
462 630 4
462 574 5
462 545 10
462 67 10
462 573 4
462 507 5
462 884 2
463 979 4
463 986 4
463 634 9
463 300 5
463 477 6
463 675 6
463 573 2
463 748 5
463 834 8
463 438 4
464 525 3
464 358 8
464 19 6
464 345 7
464 105 6
464 971 2
464 531 3
464 770 4
464 682 7
464 223 1
465 199 5
465 479 5
465 394 3
465 257 10
465 722 1
465 971 4
465 739 4
465 300 9
465 303 10
465 647 1
466 9 2
466 209 2
466 252 5
466 21 3
466 437 10
466 18 7
466 634 6
466 347 6
466 269 2
466 362 7
467 654 3
467 957 7
467 10 3
467 190 9
467 803 6
467 866 7
467 348 3
467 940 4
467 775 9
467 483 9
468 100 7
468 779 5
468 395 4
468 757 4
468 109 4
468 935 4
468 923 2
468 535 4
468 821 6
468 393 3
469 718 2
469 425 6
469 571 2
469 796 5
469 366 3
469 436 5
469 793 5
469 531 5
469 294 2
469 426 6
470 773 7
470 235 5
470 76 9
470 375 5
470 813 6
470 211 1
470 108 1
470 658 6
470 216 1
470 507 7
471 355 8
471 711 3
471 823 10
471 884 6
471 826 6
471 908 7
471 680 8
471 571 2
471 850 5
471 61 4
472 119 10
472 435 7
472 566 3
472 916 4
472 160 9
472 357 5
472 12 8
472 133 6
472 654 7
472 119 10
473 624 5
473 408 4
473 639 3
473 58 10
473 955 1
473 589 8
473 289 1
473 544 8
473 753 4
473 16 2
474 149 6
474 81 6
474 666 6
474 992 4
474 778 2
474 455 5
474 749 3
474 417 4
474 818 5
474 459 6
475 697 6
475 66 4
475 826 2
475 829 3
475 684 10
475 216 5
475 687 8
475 708 2
475 992 7
475 140 3
476 931 7
476 710 10
476 237 8
476 260 10
476 977 9
476 4 3
476 911 6
476 843 8
476 15 8
476 288 8
477 71 8
477 548 8
477 6 7
477 79 9
477 68 6
477 759 10
477 297 1
477 973 3
477 283 1
477 716 5
478 570 3
478 355 7
478 338 5
478 936 2
478 827 5
478 205 4
478 730 2
478 510 8
478 338 5
478 775 1
479 922 6
479 79 7
479 230 5
479 512 3
479 880 3
479 404 1
479 213 1
479 383 3
479 501 5
479 206 10
480 862 1
480 168 4
480 608 9
480 390 8
480 506 8
480 295 3
480 125 1
480 534 1
480 223 3
480 911 9
481 898 8
481 449 2
481 747 2
481 206 10
481 216 9
481 476 5
481 392 8
481 823 9
481 390 8
481 577 1
482 747 10
482 627 6
482 599 5
482 414 6
482 846 5
482 758 8
482 514 7
482 548 2
482 442 8
482 261 1
483 49 8
483 476 1
483 878 3
483 333 7
483 63 3
483 638 5
483 510 9
483 335 4
483 482 1
483 885 10
484 351 3
484 39 9
484 710 2
484 967 7
484 986 4
484 722 3
484 811 10
484 105 2
484 465 6
484 663 5
485 74 8
485 953 7
485 497 1
485 385 4
485 213 5
485 726 4
485 705 10
485 775 4
485 638 3
485 518 3
486 135 9
486 434 2
486 456 3
486 173 6
486 7 3
486 719 2
486 61 1
486 526 3
486 501 8
486 149 7
487 465 10
487 296 1
487 353 10
487 137 1
487 228 10
487 99 2
487 920 9
487 328 3
487 562 6
487 423 5
488 574 5
488 121 5
488 633 5
488 384 2
488 330 10
488 910 4
488 908 2
488 206 1
488 930 6
488 851 9
489 468 10
489 469 8
489 126 2
489 393 5
489 148 8
489 389 7
489 965 7
489 77 4
489 267 6
489 338 7
490 730 2
490 448 9
490 451 9
490 100 1
490 433 8
490 36 5
490 191 2
490 628 7
490 530 3
490 86 6
491 542 10
491 682 6
491 830 1
491 617 4
491 396 9
491 469 8
491 815 4
491 544 8
491 922 9
491 653 1
492 923 2
492 527 4
492 121 3
492 178 4
492 444 3
492 888 6
492 34 2
492 242 9
492 574 10
492 263 3
493 229 4
493 524 3
493 720 5
493 172 9
493 181 2
493 680 10
493 417 2
493 547 4
493 463 10
493 384 10
494 879 2
494 114 5
494 790 3
494 766 3
494 133 3
494 817 1
494 548 5
494 50 10
494 5 9
494 441 7
495 24 8
495 97 2
495 979 3
495 427 10
495 17 10
495 943 1
495 538 10
495 832 1
495 395 7
495 990 1
496 559 8
496 884 5
496 290 6
496 274 3
496 296 3
496 585 6
496 466 5
496 126 6
496 495 5
496 811 10
497 357 9
497 741 4
497 83 1
497 350 9
497 395 2
497 920 5
497 519 8
497 112 7
497 975 9
497 587 9
498 944 2
498 277 10
498 161 9
498 257 7
498 411 4
498 406 1
498 773 10
498 86 4
498 508 3
498 189 9
499 793 5
499 295 4
499 889 7
499 522 1
499 576 4
499 98 3
499 480 8
499 89 8
499 134 1
499 267 6
500 757 1
500 722 8
500 311 1
500 406 5
500 264 1
500 495 6
500 773 4
500 665 8
500 935 2
500 212 10
501 397 1
501 98 10
501 589 9
501 401 9
501 783 2
501 445 6
501 343 1
501 893 7
501 82 1
501 709 6
502 918 3
502 308 2
502 549 5
502 871 3
502 115 3
502 554 10
502 854 8
502 377 5
502 272 8
502 12 9
503 508 7
503 501 6
503 287 1
503 695 8
503 962 1
503 197 9
503 409 4
503 873 2
503 919 3
503 274 6
504 756 5
504 397 4
504 765 5
504 429 8
504 299 7
504 930 8
504 186 10
504 672 5
504 82 8
504 221 2
505 40 3
505 961 1
505 132 2
505 669 9
505 915 10
505 738 5
505 748 7
505 197 4
505 100 3
505 550 6
506 253 8
506 79 9
506 381 4
506 270 8
506 613 8
506 151 3
506 288 6
506 688 8
506 954 1
506 674 10
507 730 5
507 378 1
507 965 7
507 800 2
507 871 4
507 632 9
507 339 7
507 864 10
507 830 1
507 555 4
508 50 10
508 708 8
508 565 8
508 233 4
508 624 6
508 51 5
508 720 4
508 829 7
508 62 6
508 833 7
509 309 1
509 872 2
509 653 5
509 458 6
509 741 8
509 502 2
509 525 9
509 791 7
509 746 10
509 705 8
510 78 6
510 849 5
510 180 9
510 855 7
510 340 1
510 180 9
510 461 4
510 357 5
510 795 9
510 542 4
511 96 5
511 346 5
511 951 8
511 244 5
511 864 8
511 221 6
511 270 8
511 151 6
511 228 4
511 742 2
512 473 9
512 647 5
512 425 3
512 53 8
512 584 6
512 471 5
512 375 7
512 531 3
512 536 8
512 734 6
513 180 9
513 791 7
513 747 9
513 119 1
513 276 2
513 296 7
513 474 5
513 623 2
513 376 7
513 325 6
514 783 9
514 386 1
514 67 1
514 689 3
514 391 1
514 468 7
514 813 7
514 414 4
514 674 6
514 296 3
515 938 4
515 513 6
515 212 4
515 132 4
515 48 9
515 242 2
515 173 6
515 117 10
515 368 5
515 301 6
516 623 3
516 261 1
516 23 7
516 71 3
516 785 10
516 999 9
516 917 9
516 416 9
516 881 10
516 327 10
517 608 4
517 538 2
517 279 4
517 167 3
517 20 9
517 615 5
517 591 5
517 358 1
517 583 2
517 426 5
518 291 6
518 730 4
518 593 10
518 870 8
518 639 2
518 420 10
518 526 7
518 816 10
518 154 9
518 592 2
519 724 3
519 195 1
519 241 7
519 938 7
519 974 10
519 579 4
519 78 5
519 742 9
519 314 8
519 250 10
520 374 3
520 145 9
520 762 6
520 245 8
520 465 10
520 386 10
520 683 10
520 344 10
520 700 3
520 37 10
521 656 10
521 709 10
521 241 2
521 826 2
521 450 8
521 881 3
521 806 8
521 287 9
521 992 1
521 189 1
522 832 3
522 615 3
522 319 3
522 456 8
522 6 9
522 558 3
522 817 9
522 887 7
522 999 8
522 778 2
523 351 3
523 313 10
523 746 10
523 151 4
523 390 9
523 56 10
523 737 10
523 731 2
523 882 2
523 404 9
524 285 5
524 322 6
524 74 7
524 460 5
524 689 1
524 973 6
524 911 9
524 191 5
524 3 8
524 73 2
525 699 8
525 952 9
525 630 1
525 927 5
525 273 4
525 262 5
525 575 6
525 981 4
525 960 8
525 10 7
526 347 10
526 198 8
526 139 7
526 625 6
526 800 10
526 131 3
526 562 9
526 762 1
526 465 2
526 353 2
527 282 2
527 142 10
527 805 8
527 638 2
527 631 5
527 438 1
527 69 3
527 235 8
527 809 6
527 714 6
528 643 7
528 918 1
528 630 9
528 543 2
528 628 9
528 117 4
528 637 2
528 151 10
528 203 1
528 358 5
529 337 8
529 674 4
529 687 3
529 642 1
529 270 1
529 158 7
529 944 4
529 642 1
529 76 1
529 125 4
530 303 3
530 800 2
530 474 9
530 461 8
530 596 5
530 540 6
530 843 5
530 192 5
530 600 6
530 805 4
531 565 6
531 820 2
531 665 9
531 187 3
531 355 10
531 473 9
531 178 2
531 747 2
531 431 9
531 525 9
532 76 5
532 8 8
532 637 1
532 640 8
532 990 10
532 19 1
532 248 2
532 837 3
532 421 6
532 773 5
533 573 7
533 113 1
533 746 3
533 299 9
533 173 8
533 454 3
533 744 10
533 249 2
533 643 2
533 412 8
534 158 4
534 155 6
534 699 10
534 378 3
534 169 2
534 15 3
534 221 6
534 745 4
534 652 10
534 128 5
535 329 9
535 553 3
535 442 5
535 208 4
535 432 4
535 318 4
535 166 3
535 134 2
535 335 2
535 35 1
536 52 4
536 307 1
536 963 3
536 291 4
536 319 9
536 387 1
536 39 7
536 393 8
536 940 1
536 666 3
537 230 5
537 818 4
537 108 2
537 440 10
537 237 8
537 554 8
537 997 8
537 292 1
537 9 1
537 779 2
538 286 2
538 759 2
538 70 3
538 709 1
538 470 5
538 68 1
538 819 1
538 998 3
538 886 2
538 292 10
539 850 5
539 356 7
539 461 9
539 312 2
539 841 8
539 754 5
539 779 4
539 28 2
539 136 9
539 722 7
540 15 5
540 808 1
540 933 3
540 869 6
540 505 6
540 835 1
540 974 5
540 847 2
540 376 5
540 983 1
541 412 10
541 415 5
541 354 9
541 714 4
541 644 7
541 290 3
541 914 2
541 568 9
541 40 7
541 554 1
542 26 9
542 874 5
542 755 7
542 424 9
542 297 7
542 843 10
542 114 2
542 113 4
542 832 10
542 110 7
543 826 9
543 785 4
543 397 9
543 252 10
543 406 8
543 570 2
543 269 3
543 950 4
543 908 9
543 50 9
544 914 7
544 774 2
544 12 1
544 567 7
544 340 10
544 30 1
544 92 1
544 335 2
544 218 1
544 521 7
545 455 1
545 820 5
545 197 2
545 433 7
545 138 7
545 873 7
545 305 5
545 872 6
545 545 2
545 822 5
546 307 1
546 430 10
546 599 10
546 120 9
546 175 4
546 833 9
546 414 3
546 972 1
546 153 8
546 906 8
547 619 10
547 475 3
547 126 5
547 37 3
547 378 7
547 935 4
547 145 8
547 851 9
547 46 8
547 9 3
548 575 2
548 641 3
548 731 1
548 545 8
548 287 7
548 402 8
548 642 9
548 406 7
548 922 8
548 752 9
549 822 1
549 372 8
549 238 6
549 690 7
549 911 1
549 302 6
549 559 1
549 102 3
549 218 6
549 127 2
550 135 2
550 775 8
550 187 1
550 991 9
550 547 9
550 293 8
550 948 10
550 850 2
550 378 8
550 96 8
551 534 6
551 375 7
551 468 7
551 889 4
551 287 4
551 949 2
551 744 1
551 718 9
551 583 2
551 538 3
552 569 9
552 719 8
552 238 9
552 255 7
552 888 3
552 59 9
552 350 8
552 415 10
552 322 9
552 293 7
553 523 7
553 855 2
553 391 2
553 390 7
553 105 9
553 621 4
553 539 1
553 323 2
553 868 2
553 578 8
554 795 10
554 856 2
554 545 5
554 579 5
554 769 1
554 953 1
554 348 1
554 568 10
554 383 9
554 673 5
555 28 6
555 580 2
555 353 7
555 762 8
555 19 4
555 814 7
555 882 1
555 58 1
555 265 4
555 409 7
556 454 10
556 594 2
556 864 10
556 34 3
556 323 7
556 26 8
556 165 3
556 172 7
556 268 4
556 171 10
557 56 7
557 696 8
557 963 2
557 192 1
557 629 4
557 740 7
557 448 7
557 197 1
557 645 6
557 225 9
558 47 10
558 225 1
558 494 10
558 905 9
558 314 1
558 248 5
558 323 2
558 704 1
558 458 3
558 572 7
559 118 2
559 782 9
559 699 4
559 560 3
559 697 4
559 42 9
559 616 10
559 507 5
559 169 4
559 316 3
560 31 2
560 370 6
560 880 10
560 76 6
560 807 3
560 341 6
560 767 2
560 834 9
560 493 10
560 305 3
561 339 6
561 302 8
561 981 5
561 356 9
561 33 1
561 83 8
561 737 8
561 45 1
561 276 6
561 587 1
562 815 4
562 530 5
562 755 5
562 26 7
562 212 9
562 167 6
562 983 2
562 949 8
562 450 5
562 366 9
563 779 4
563 189 9
563 700 1
563 296 7
563 707 9
563 137 5
563 861 3
563 62 2
563 105 7
563 489 6
564 10 10
564 566 2
564 734 9
564 959 6
564 756 10
564 90 3
564 932 2
564 300 1
564 965 8
564 986 4
565 460 6
565 398 5
565 439 5
565 25 3
565 799 5
565 217 2
565 552 5
565 515 5
565 211 5
565 530 6
566 791 7
566 364 10
566 658 10
566 840 10
566 528 6
566 476 2
566 355 9
566 579 9
566 582 5
566 353 5
567 273 1
567 844 2
567 172 5
567 873 9
567 392 2
567 128 5
567 723 3
567 370 6
567 582 10
567 168 1
568 95 2
568 593 9
568 388 7
568 915 6
568 754 3
568 792 2
568 353 2
568 392 7
568 949 2
568 975 5
569 434 10
569 88 4
569 922 6
569 48 10
569 288 10
569 507 2
569 480 6
569 701 7
569 798 5
569 364 10
570 106 1
570 504 2
570 301 4
570 383 8
570 378 9
570 894 9
570 524 4
570 548 4
570 405 2
570 492 3
571 643 8
571 179 9
571 952 6
571 936 10
571 288 6
571 443 8
571 616 9
571 241 9
571 678 7
571 407 9
572 888 10
572 737 2
572 722 5
572 834 10
572 768 2
572 842 3
572 755 7
572 85 4
572 507 10
572 951 10
573 191 4
573 241 4
573 835 1
573 311 2
573 962 7
573 508 1
573 634 5
573 471 10
573 139 5
573 347 9
574 112 5
574 928 8
574 331 7
574 448 7
574 581 5
574 336 5
574 466 10
574 473 6
574 571 2
574 654 5
575 532 4
575 221 5
575 58 8
575 302 1
575 153 4
575 533 6
575 813 3
575 919 8
575 208 10
575 141 5
576 156 5
576 235 7
576 473 5
576 620 6
576 536 6
576 968 2
576 644 9
576 915 9
576 974 1
576 981 7
577 881 4
577 210 9
577 669 5
577 799 6
577 721 8
577 968 6
577 573 10
577 179 10
577 392 10
577 624 7
578 150 5
578 687 9
578 572 2
578 739 10
578 815 9
578 811 7
578 453 3
578 900 8
578 196 9
578 305 1
579 277 5
579 604 6
579 655 1
579 348 2
579 254 4
579 498 7
579 936 1
579 775 7
579 329 1
579 18 3
580 884 7
580 352 9
580 597 9
580 158 5
580 804 1
580 57 9
580 852 5
580 69 1
580 856 8
580 625 6
581 248 8
581 825 9
581 861 3
581 844 9
581 740 4
581 703 8
581 531 6
581 904 10
581 788 8
581 760 4
582 470 7
582 45 9
582 515 5
582 816 2
582 347 3
582 565 10
582 89 2
582 797 10
582 263 8
582 728 8
583 356 4
583 779 1
583 14 5
583 383 5
583 570 4
583 70 3
583 244 4
583 157 10
583 404 2
583 889 10
584 20 4
584 891 9
584 944 8
584 565 3
584 351 6
584 513 3
584 211 1
584 857 5
584 400 9
584 899 1
585 506 6
585 927 8
585 629 4
585 564 6
585 878 5
585 386 10
585 508 10
585 395 2
585 585 7
585 209 7
586 968 5
586 772 4
586 401 7
586 888 7
586 826 9
586 860 6
586 779 5
586 719 3
586 124 4
586 799 9
587 528 10
587 636 7
587 241 9
587 155 10
587 877 1
587 11 3
587 423 6
587 304 5
587 135 2
587 814 5
588 624 4
588 842 7
588 919 4
588 115 6
588 600 6
588 105 8
588 797 6
588 727 1
588 649 7
588 696 4
589 121 9
589 495 2
589 240 9
589 522 4
589 317 5
589 146 6
589 278 10
589 683 1
589 30 4
589 527 4
590 991 6
590 354 3
590 300 4
590 956 9
590 62 6
590 968 5
590 151 5
590 233 9
590 437 10
590 371 10
591 355 2
591 893 5
591 245 1
591 925 2
591 783 2
591 778 6
591 199 10
591 215 3
591 627 9
591 233 1
592 481 9
592 442 8
592 411 7
592 153 7
592 947 8
592 81 4
592 588 6
592 122 1
592 898 7
592 225 4
593 917 9
593 98 4
593 227 4
593 754 4
593 756 4
593 243 5
593 737 2
593 511 2
593 981 4
593 68 10
594 103 4
594 528 5
594 966 10
594 617 4
594 286 8
594 911 6
594 160 10
594 289 7
594 964 6
594 785 8
595 312 1
595 484 9
595 377 10
595 630 6
595 723 7
595 125 6
595 169 9
595 965 8
595 490 6
595 529 4
596 127 10
596 843 5
596 670 4
596 448 7
596 666 1
596 140 7
596 125 9
596 468 5
596 554 8
596 2 3
597 787 8
597 218 2
597 221 10
597 948 1
597 38 7
597 817 1
597 214 2
597 413 8
597 369 1
597 174 8
598 4 2
598 883 8
598 564 8
598 21 6
598 588 9
598 315 8
598 9 7
598 338 1
598 155 6
598 118 10
599 869 7
599 323 7
599 396 6
599 230 6
599 579 5
599 316 10
599 833 10
599 481 3
599 804 4
599 909 5
600 113 5
600 910 9
600 175 3
600 187 10
600 471 3
600 47 3
600 735 9
600 638 9
600 954 4
600 471 3
601 864 2
601 788 9
601 911 2
601 932 9
601 716 2
601 104 9
601 495 8
601 693 9
601 902 6
601 8 9
602 116 10
602 943 2
602 411 3
602 400 2
602 633 5
602 587 6
602 283 10
602 755 1
602 123 3
602 945 1
603 234 4
603 109 1
603 193 3
603 224 5
603 888 6
603 839 3
603 136 3
603 339 7
603 202 4
603 151 10
604 511 4
604 76 7
604 701 9
604 354 3
604 18 6
604 916 4
604 367 9
604 954 9
604 642 7
604 935 6
605 408 8
605 93 5
605 388 4
605 358 3
605 206 5
605 738 2
605 146 8
605 515 10
605 542 3
605 73 6
606 559 10
606 847 7
606 239 7
606 333 5
606 228 2
606 246 1
606 998 4
606 961 3
606 157 10
606 545 5
607 254 2
607 835 5
607 73 7
607 989 9
607 683 3
607 858 8
607 482 5
607 34 8
607 375 10
607 974 8
608 270 1
608 457 9
608 404 8
608 984 2
608 1000 6
608 285 9
608 161 10
608 449 10
608 370 9
608 741 7
609 399 8
609 98 6
609 376 9
609 836 6
609 339 7
609 637 8
609 397 9
609 879 1
609 853 8
609 635 1
610 74 10
610 184 1
610 498 10
610 507 6
610 952 4
610 337 6
610 86 10
610 495 6
610 495 6
610 179 8
611 348 3
611 774 9
611 949 7
611 263 8
611 203 10
611 834 8
611 133 4
611 36 7
611 321 5
611 810 8
612 492 6
612 848 9
612 520 1
612 969 10
612 733 8
612 605 5
612 597 9
612 291 1
612 76 1
612 182 2
613 876 5
613 285 9
613 689 4
613 977 5
613 338 8
613 571 9
613 121 10
613 628 3
613 616 9
613 783 2
614 400 10
614 683 1
614 704 10
614 517 3
614 141 10
614 138 4
614 341 5
614 307 4
614 880 7
614 421 4
615 587 6
615 706 1
615 306 4
615 826 8
615 787 1
615 504 2
615 911 8
615 254 3
615 568 2
615 65 2
616 272 10
616 174 8
616 44 10
616 822 3
616 862 9
616 105 4
616 934 9
616 404 3
616 849 6
616 98 3
617 897 8
617 72 4
617 392 10
617 742 6
617 694 6
617 464 6
617 694 6
617 414 9
617 234 10
617 229 1
618 605 6
618 320 2
618 395 9
618 585 5
618 331 3
618 722 6
618 107 1
618 693 1
618 908 6
618 487 1
619 720 7
619 81 3
619 891 6
619 559 1
619 479 9
619 277 5
619 795 9
619 766 3
619 425 10
619 882 9
620 621 2
620 39 6
620 722 8
620 488 3
620 280 9
620 78 7
620 382 10
620 439 3
620 349 10
620 298 9
621 220 3
621 716 6
621 885 10
621 121 10
621 385 9
621 42 10
621 409 5
621 119 4
621 982 9
621 333 4
622 935 8
622 975 2
622 847 9
622 987 9
622 950 5
622 75 5
622 711 4
622 503 3
622 975 2
622 384 10
623 304 4
623 137 6
623 372 1
623 219 8
623 420 2
623 728 3
623 430 7
623 723 5
623 196 2
623 781 1
624 899 9
624 942 4
624 835 4
624 303 3
624 415 10
624 84 10
624 90 1
624 639 5
624 487 4
624 462 7
625 804 8
625 5 8
625 413 10
625 343 2
625 5 8
625 453 6
625 229 7
625 673 6
625 527 5
625 32 3
626 161 1
626 537 5
626 229 4
626 28 2
626 52 9
626 183 6
626 261 10
626 305 1
626 680 8
626 714 3
627 352 5
627 126 4
627 425 10
627 478 4
627 272 6
627 651 7
627 33 10
627 327 9
627 479 7
627 875 10
628 710 5
628 331 8
628 271 8
628 836 5
628 674 6
628 224 7
628 281 7
628 172 5
628 609 3
628 354 7
629 765 7
629 397 10
629 531 6
629 905 3
629 855 1
629 661 8
629 41 10
629 80 5
629 674 1
629 200 7
630 8 6
630 894 7
630 783 5
630 38 7
630 88 8
630 878 2
630 24 4
630 355 1
630 463 5
630 747 3
631 518 7
631 102 10
631 866 3
631 192 7
631 465 8
631 150 9
631 644 7
631 479 6
631 617 4
631 125 7
632 728 3
632 261 4
632 751 6
632 225 1
632 437 1
632 334 2
632 49 1
632 44 10
632 872 8
632 673 6
633 727 1
633 399 10
633 386 9
633 592 7
633 172 1
633 969 5
633 372 3
633 798 9
633 570 4
633 578 5
634 677 8
634 377 9
634 649 5
634 683 10
634 611 7
634 319 8
634 974 9
634 727 9
634 443 10
634 648 1
635 249 1
635 661 5
635 798 2
635 24 6
635 23 4
635 841 3
635 995 4
635 225 2
635 645 6
635 702 3
636 747 7
636 466 4
636 925 3
636 231 1
636 537 9
636 255 4
636 87 2
636 368 2
636 746 10
636 896 3
637 810 6
637 585 1
637 185 5
637 445 3
637 884 3
637 70 7
637 466 10
637 251 5
637 553 8
637 783 5
638 469 9
638 701 8
638 373 7
638 74 8
638 666 10
638 30 7
638 25 3
638 610 5
638 998 8
638 793 9
639 65 1
639 777 7
639 952 1
639 933 9
639 416 1
639 303 6
639 72 3
639 987 9
639 71 9
639 447 5
640 861 3
640 275 9
640 967 7
640 38 6
640 330 4
640 250 2
640 870 10
640 321 9
640 785 9
640 58 5
641 580 5
641 654 3
641 586 3
641 439 3
641 123 3
641 562 9
641 165 10
641 985 4
641 100 2
641 322 8
642 723 8
642 278 8
642 589 6
642 11 4
642 211 9
642 294 3
642 894 2
642 151 3
642 194 3
642 591 6
643 365 7
643 21 6
643 998 5
643 873 1
643 957 4
643 721 1
643 788 8
643 874 8
643 322 5
643 991 2
644 980 6
644 974 1
644 904 10
644 668 5
644 772 8
644 375 7
644 975 7
644 884 6
644 585 10
644 49 10
645 720 1
645 402 7
645 895 5
645 188 5
645 778 6
645 369 7
645 26 8
645 713 3
645 767 6
645 25 8
646 943 7
646 830 5
646 797 8
646 658 2
646 898 10
646 556 5
646 238 9
646 729 4
646 135 8
646 358 2
647 821 3
647 882 5
647 922 9
647 815 5
647 768 4
647 113 5
647 403 5
647 370 9
647 517 3
647 237 1
648 937 7
648 142 3
648 684 10
648 236 3
648 195 1
648 15 6
648 174 5
648 336 10
648 760 9
648 527 1
649 190 6
649 548 8
649 640 6
649 735 5
649 386 3
649 712 8
649 407 2
649 515 10
649 330 1
649 192 6
650 281 8
650 734 3
650 910 4
650 862 5
650 215 7
650 928 7
650 935 7
650 344 1
650 535 10
650 629 7
651 522 4
651 590 3
651 650 1
651 224 8
651 406 7
651 169 10
651 94 8
651 639 9
651 358 1
651 144 7
652 573 5
652 366 10
652 146 9
652 235 7
652 64 9
652 916 4
652 888 10
652 297 7
652 266 5
652 367 2
653 796 3
653 27 10
653 358 1
653 34 10
653 383 9
653 590 7
653 815 10
653 482 4
653 334 7
653 61 9
654 760 9
654 922 3
654 79 9
654 862 2
654 958 1
654 925 4
654 488 8
654 972 2
654 421 6
654 64 7
655 913 6
655 602 5
655 402 6
655 603 5
655 59 6
655 951 10
655 472 6
655 241 9
655 738 9
655 681 8
656 918 10
656 457 1
656 864 9
656 402 5
656 898 6
656 908 2
656 765 5
656 677 5
656 160 8
656 877 10
657 518 2
657 22 8
657 297 10
657 474 8
657 87 4
657 842 9
657 797 6
657 906 7
657 147 7
657 690 5
658 357 3
658 13 6
658 736 5
658 274 6
658 252 2
658 638 4
658 899 1
658 385 9
658 243 10
658 955 6
659 803 3
659 557 10
659 563 5
659 162 8
659 32 4
659 271 4
659 221 8
659 177 4
659 937 1
659 351 9
660 113 8
660 703 7
660 499 3
660 967 6
660 630 10
660 897 9
660 417 5
660 160 6
660 53 10
660 437 6
661 486 10
661 302 10
661 865 2
661 362 2
661 153 6
661 119 4
661 900 8
661 11 10
661 422 8
661 667 3
662 242 5
662 607 1
662 46 1
662 962 5
662 859 3
662 855 3
662 694 1
662 973 7
662 829 3
662 782 8
663 742 1
663 36 7
663 753 7
663 284 9
663 15 1
663 630 2
663 354 4
663 624 1
663 656 8
663 978 1
664 202 5
664 823 2
664 815 7
664 754 6
664 81 1
664 888 4
664 115 7
664 241 2
664 908 9
664 38 1
665 404 1
665 951 2
665 178 2
665 299 3
665 197 7
665 533 2
665 78 1
665 443 4
665 259 3
665 516 8
666 971 9
666 776 4
666 676 9
666 329 8
666 772 9
666 436 3
666 58 2
666 422 5
666 792 9
666 141 4
667 389 6
667 292 1
667 477 4
667 819 6
667 774 2
667 817 9
667 434 6
667 516 6
667 999 8
667 585 7
668 175 8
668 346 9
668 595 9
668 560 4
668 752 7
668 28 4
668 855 4
668 885 8
668 241 8
668 192 4
669 77 3
669 562 1
669 702 6
669 931 10
669 185 2
669 568 6
669 13 4
669 262 10
669 408 5
669 84 6
670 50 9
670 491 9
670 953 5
670 131 3
670 478 8
670 489 10
670 411 5
670 962 2
670 97 8
670 180 1
671 223 6
671 96 1
671 431 7
671 328 7
671 774 4
671 206 9
671 191 9
671 549 8
671 592 7
671 702 5
672 903 10
672 548 2
672 534 10
672 991 7
672 296 1
672 817 7
672 275 10
672 735 8
672 283 2
672 391 5
673 88 8
673 390 9
673 943 7
673 256 5
673 858 4
673 44 3
673 818 10
673 14 5
673 287 6
673 278 5
674 480 7
674 492 9
674 677 8
674 766 6
674 580 1
674 968 10
674 529 4
674 376 2
674 683 1
674 963 9
675 67 9
675 226 5
675 535 7
675 751 7
675 925 1
675 3 4
675 36 2
675 750 6
675 45 10
675 874 2
676 994 2
676 19 8
676 98 10
676 126 4
676 686 3
676 963 10
676 26 10
676 475 1
676 849 2
676 847 4
677 82 10
677 960 5
677 19 4
677 744 3
677 262 8
677 556 6
677 708 9
677 331 8
677 291 7
677 497 7
678 955 10
678 893 1
678 476 9
678 566 8
678 552 8
678 786 8
678 815 6
678 550 4
678 188 7
678 745 10
679 258 10
679 968 5
679 315 6
679 688 10
679 225 9
679 923 2
679 392 8
679 721 8
679 603 5
679 83 8
680 993 4
680 531 1
680 135 7
680 491 10
680 846 7
680 485 10
680 518 4
680 965 4
680 583 7
680 327 9
681 787 9
681 92 2
681 559 8
681 699 8
681 41 8
681 245 7
681 326 1
681 782 5
681 395 7
681 281 4
682 277 6
682 269 4
682 656 5
682 243 6
682 893 10
682 635 5
682 924 2
682 56 10
682 780 3
682 892 7
683 719 1
683 408 10
683 987 3
683 719 1
683 177 10
683 546 4
683 767 3
683 47 1
683 908 6
683 264 1
684 990 2
684 613 7
684 501 6
684 814 1
684 94 1
684 462 3
684 352 8
684 687 8
684 976 1
684 343 8
685 87 1
685 770 8
685 720 2
685 136 3
685 67 5
685 936 10
685 141 5
685 400 4
685 195 5
685 186 5
686 431 3
686 848 7
686 960 4
686 952 6
686 928 4
686 34 1
686 688 6
686 753 8
686 226 1
686 755 4
687 550 2
687 778 10
687 420 1
687 709 1
687 501 1
687 984 8
687 335 1
687 89 10
687 682 10
687 833 8
688 695 2
688 687 5
688 146 6
688 518 2
688 1000 1
688 9 6
688 917 7
688 777 8
688 225 2
688 550 1
689 658 7
689 120 7
689 692 7
689 414 10
689 596 6
689 628 6
689 905 10
689 989 8
689 67 2
689 728 10
690 148 3
690 343 8
690 248 5
690 67 4
690 622 5
690 864 1
690 11 4
690 967 5
690 561 4
690 761 10
691 155 10
691 116 8
691 671 4
691 894 10
691 672 7
691 921 3
691 978 8
691 697 6
691 441 6
691 263 8
692 926 8
692 226 9
692 511 3
692 458 8
692 205 7
692 332 2
692 267 4
692 175 9
692 537 7
692 901 2
693 368 10
693 487 1
693 402 1
693 41 6
693 923 8
693 286 10
693 706 8
693 934 9
693 779 5
693 400 5
694 330 5
694 373 10
694 997 3
694 462 7
694 121 7
694 719 10
694 289 6
694 640 4
694 590 7
694 788 7
695 489 10
695 634 3
695 513 3
695 45 7
695 742 7
695 458 5
695 574 9
695 336 2
695 167 9
695 605 6
696 120 3
696 979 1
696 587 10
696 416 8
696 916 10
696 155 1
696 681 10
696 340 2
696 576 7
696 997 5
697 200 5
697 763 5
697 348 9
697 410 6
697 842 4
697 831 10
697 588 2
697 27 10
697 755 8
697 691 3
698 661 1
698 538 9
698 419 6
698 985 2
698 646 6
698 845 7
698 226 3
698 788 3
698 635 8
698 180 7
699 220 3
699 852 3
699 333 4
699 538 1
699 653 4
699 56 7
699 792 3
699 230 8
699 371 8
699 772 9
700 767 5
700 738 2
700 180 3
700 833 3
700 632 5
700 231 10
700 268 4
700 161 4
700 130 4
700 715 7
701 131 1
701 904 3
701 90 10
701 364 6
701 431 6
701 817 7
701 981 10
701 297 4
701 305 10
701 629 6
702 423 7
702 609 3
702 283 1
702 632 5
702 827 9
702 694 10
702 8 5
702 635 1
702 495 9
702 170 10
703 948 2
703 390 1
703 192 6
703 9 6
703 53 5
703 754 6
703 779 6
703 794 7
703 684 5
703 376 4
704 670 9
704 644 1
704 893 7
704 679 6
704 774 10
704 891 3
704 549 10
704 82 3
704 146 5
704 711 10
705 845 1
705 96 6
705 986 9
705 955 10
705 645 4
705 273 3
705 444 2
705 907 10
705 395 9
705 24 9
706 745 9
706 25 1
706 612 2
706 852 3
706 558 4
706 565 8
706 37 10
706 253 2
706 554 1
706 879 3
707 65 10
707 973 7
707 818 8
707 582 8
707 510 7
707 970 2
707 905 1
707 449 3
707 184 10
707 254 8
708 34 2
708 802 7
708 202 6
708 361 5
708 558 10
708 646 6
708 867 3
708 965 9
708 563 3
708 297 1
709 388 1
709 926 3
709 260 2
709 894 6
709 730 2
709 788 7
709 853 10
709 684 1
709 327 10
709 727 4
710 716 10
710 716 10
710 939 10
710 124 2
710 345 2
710 173 3
710 549 8
710 373 2
710 483 5
710 507 9
711 58 1
711 842 5
711 245 2
711 543 6
711 209 8
711 4 8
711 845 4
711 433 6
711 889 10
711 398 7
712 151 1
712 454 6
712 325 3
712 175 10
712 637 2
712 417 2
712 156 8
712 247 8
712 496 10
712 580 9
713 137 1
713 69 10
713 263 7
713 851 2
713 542 2
713 648 4
713 443 7
713 452 5
713 673 8
713 14 5
714 801 10
714 906 8
714 816 1
714 148 10
714 299 5
714 337 1
714 260 9
714 228 1
714 998 4
714 63 2
715 228 8
715 44 5
715 524 1
715 55 9
715 547 1
715 426 1
715 836 10
715 329 2
715 697 4
715 876 7
716 447 10
716 935 8
716 858 1
716 819 2
716 215 3
716 338 2
716 808 5
716 398 5
716 133 4
716 955 3
717 775 9
717 73 5
717 478 2
717 990 10
717 345 9
717 78 2
717 314 6
717 739 9
717 824 3
717 420 4
718 215 1
718 692 1
718 529 1
718 120 6
718 882 7
718 995 3
718 633 8
718 235 3
718 587 6
718 561 6
719 1 9
719 637 2
719 868 1
719 227 5
719 146 10
719 686 9
719 945 1
719 647 9
719 918 5
719 90 1
720 77 7
720 15 4
720 629 7
720 607 2
720 453 4
720 478 1
720 617 6
720 794 8
720 104 2
720 550 2
721 31 4
721 178 5
721 419 10
721 279 5
721 586 10
721 42 2
721 850 10
721 436 9
721 739 10
721 303 1
722 257 2
722 715 6
722 746 5
722 308 6
722 68 3
722 13 3
722 568 1
722 570 7
722 71 3
722 448 5
723 2 8
723 838 9
723 238 6
723 954 8
723 57 7
723 321 1
723 707 1
723 348 10
723 890 6
723 203 6
724 803 8
724 515 5
724 869 10
724 156 7
724 628 9
724 352 10
724 832 2
724 404 1
724 390 1
724 404 1
725 391 3
725 404 6
725 249 5
725 960 7
725 349 7
725 843 10
725 336 7
725 815 2
725 798 10
725 83 2
726 924 8
726 821 8
726 471 9
726 871 5
726 849 8
726 182 7
726 225 9
726 508 6
726 268 2
726 148 10
727 933 3
727 709 6
727 125 6
727 17 4
727 699 7
727 711 9
727 486 9
727 629 1
727 222 9
727 824 8
728 618 1
728 464 5
728 774 8
728 271 3
728 519 6
728 823 3
728 151 6
728 383 6
728 863 8
728 200 3
729 935 10
729 760 3
729 728 3
729 415 6
729 137 1
729 592 8
729 264 1
729 141 1
729 603 6
729 275 2
730 811 7
730 718 3
730 604 5
730 81 6
730 940 2
730 59 9
730 288 10
730 423 1
730 95 2
730 528 7
731 835 10
731 82 10
731 179 1
731 653 3
731 874 6
731 536 3
731 809 10
731 665 2
731 76 10
731 283 10
732 595 4
732 854 1
732 655 8
732 256 2
732 413 1
732 608 3
732 450 9
732 157 9
732 125 2
732 583 7
733 848 4
733 371 7
733 517 4
733 658 5
733 179 6
733 765 2
733 656 4
733 633 1
733 732 3
733 203 6
734 952 5
734 637 4
734 660 1
734 559 8
734 379 2
734 876 1
734 499 6
734 582 2
734 593 10
734 340 4
735 45 2
735 912 8
735 475 8
735 272 3
735 691 8
735 888 1
735 747 10
735 225 9
735 61 8
735 656 2
736 505 9
736 421 1
736 67 7
736 260 4
736 199 4
736 225 1
736 580 1
736 320 9
736 792 2
736 519 5
737 211 8
737 165 6
737 16 9
737 95 9
737 25 7
737 548 6
737 468 9
737 738 3
737 99 4
737 670 8
738 920 9
738 716 8
738 557 2
738 660 5
738 389 9
738 654 10
738 733 8
738 343 1
738 859 7
738 793 3
739 162 5
739 113 7
739 808 4
739 140 1
739 317 9
739 93 6
739 155 9
739 442 6
739 100 7
739 734 5
740 772 5
740 136 4
740 537 6
740 674 9
740 416 2
740 31 5
740 869 1
740 96 8
740 663 5
740 608 6
741 868 5
741 709 2
741 234 8
741 688 8
741 38 7
741 56 4
741 673 3
741 616 6
741 318 2
741 176 6
742 108 3
742 813 4
742 737 8
742 826 1
742 564 8
742 963 2
742 817 1
742 564 8
742 804 5
742 55 7
743 106 10
743 524 3
743 304 8
743 290 3
743 210 9
743 522 8
743 893 7
743 431 10
743 927 8
743 799 8
744 777 10
744 508 9
744 589 4
744 113 9
744 339 4
744 211 6
744 529 3
744 435 4
744 882 6
744 499 1
745 570 4
745 618 2
745 398 3
745 29 7
745 596 9
745 758 1
745 48 1
745 602 7
745 933 4
745 579 1
746 767 2
746 92 2
746 216 3
746 690 1
746 9 7
746 207 10
746 489 9
746 621 7
746 810 4
746 950 4
747 118 6
747 250 8
747 5 7
747 165 8
747 684 7
747 357 6
747 413 7
747 940 9
747 145 5
747 128 5
748 501 10
748 244 8
748 671 1
748 650 8
748 331 7
748 758 7
748 960 10
748 839 6
748 485 9
748 163 3
749 269 6
749 53 5
749 633 5
749 370 8
749 230 2
749 686 9
749 87 8
749 197 10
749 135 9
749 743 9
750 198 10
750 66 4
750 855 4
750 24 1
750 665 1
750 829 5
750 201 8
750 256 6
750 1 6
750 877 9
751 341 7
751 293 4
751 443 10
751 20 1
751 670 6
751 199 8
751 311 8
751 708 8
751 857 1
751 4 5
752 212 6
752 187 8
752 792 3
752 658 8
752 282 10
752 26 2
752 6 1
752 881 3
752 994 4
752 794 1
753 502 1
753 21 1
753 64 4
753 192 5
753 821 10
753 986 4
753 785 3
753 98 2
753 737 9
753 860 8
754 146 4
754 602 7
754 863 5
754 48 4
754 150 4
754 906 4
754 754 1
754 632 4
754 382 4
754 349 9
755 896 3
755 931 8
755 13 3
755 140 4
755 892 2
755 911 9
755 242 1
755 35 1
755 628 3
755 139 1
756 709 2
756 306 1
756 264 4
756 991 7
756 636 3
756 600 4
756 685 6
756 789 6
756 469 7
756 140 4
757 823 2
757 458 2
757 383 4
757 428 3
757 733 5
757 65 8
757 205 2
757 359 5
757 767 3
757 130 3
758 675 6
758 439 5
758 25 7
758 427 6
758 84 4
758 164 1
758 465 5
758 137 10
758 971 5
758 416 8
759 920 10
759 134 5
759 460 7
759 358 5
759 678 5
759 430 4
759 178 8
759 110 3
759 357 6
759 465 2
760 121 8
760 812 2
760 837 6
760 55 9
760 151 1
760 324 6
760 921 4
760 695 9
760 231 4
760 629 7
761 711 8
761 862 4
761 860 4
761 732 2
761 950 2
761 474 9
761 677 6
761 247 9
761 351 9
761 23 3
762 863 3
762 735 5
762 540 9
762 341 7
762 385 7
762 739 7
762 419 9
762 613 1
762 80 7
762 136 10
763 216 6
763 165 2
763 976 1
763 667 2
763 911 3
763 248 3
763 496 5
763 728 10
763 103 4
763 68 10
764 945 1
764 185 7
764 329 5
764 566 4
764 550 4
764 209 3
764 552 4
764 498 1
764 149 6
764 835 8
765 463 5
765 524 6
765 930 8
765 593 9
765 749 9
765 703 1
765 647 8
765 525 9
765 78 10
765 467 7
766 529 2
766 563 1
766 496 8
766 237 4
766 453 1
766 310 6
766 437 4
766 311 6
766 891 3
766 679 9
767 179 3
767 971 10
767 778 9
767 924 5
767 584 9
767 832 10
767 932 10
767 925 2
767 785 10
767 938 7
768 620 1
768 770 1
768 51 10
768 312 8
768 646 3
768 748 1
768 158 3
768 880 6
768 974 9
768 771 10
769 314 1
769 497 2
769 151 7
769 155 4
769 871 1
769 819 1
769 937 7
769 960 1
769 804 6
769 184 9
770 695 1
770 602 1
770 470 8
770 465 5
770 839 10
770 93 7
770 894 5
770 159 7
770 123 4
770 116 2
771 596 1
771 578 7
771 765 8
771 26 5
771 882 1
771 459 7
771 171 6
771 173 8
771 308 5
771 825 2
772 435 2
772 121 9
772 492 10
772 977 7
772 351 9
772 404 8
772 914 2
772 972 7
772 319 1
772 56 4
773 656 3
773 898 7
773 816 3
773 347 5
773 175 1
773 673 2
773 143 8
773 619 8
773 916 9
773 819 4
774 340 10
774 907 2
774 118 2
774 102 1
774 146 8
774 608 2
774 758 8
774 567 10
774 271 2
774 340 10
775 639 10
775 987 6
775 311 7
775 558 10
775 906 8
775 153 8
775 316 1
775 310 3
775 951 1
775 994 5
776 106 5
776 248 5
776 252 4
776 497 3
776 336 5
776 151 9
776 710 4
776 993 8
776 121 9
776 156 2
777 512 2
777 920 2
777 394 6
777 318 9
777 762 3
777 784 2
777 972 10
777 82 10
777 469 7
777 198 6
778 998 8
778 825 10
778 362 8
778 322 8
778 652 9
778 10 3
778 960 1
778 807 7
778 844 3
778 470 6
779 784 5
779 400 2
779 250 8
779 443 1
779 398 9
779 22 4
779 748 4
779 3 7
779 588 9
779 260 4
780 840 2
780 709 6
780 560 4
780 911 9
780 317 2
780 47 3
780 12 8
780 915 4
780 412 10
780 876 8
781 245 7
781 347 5
781 145 6
781 215 10
781 782 3
781 230 8
781 338 4
781 629 7
781 156 10
781 174 5
782 782 5
782 480 1
782 182 3
782 855 1
782 375 10
782 856 1
782 425 3
782 980 3
782 870 6
782 777 9
783 588 1
783 440 7
783 5 2
783 878 10
783 289 1
783 181 8
783 609 8
783 599 8
783 250 2
783 244 5
784 57 6
784 670 7
784 543 2
784 121 10
784 33 7
784 709 7
784 894 2
784 885 1
784 850 3
784 78 1
785 98 3
785 610 6
785 977 5
785 180 1
785 934 7
785 30 8
785 749 8
785 255 6
785 354 10
785 79 8
786 259 8
786 66 4
786 818 7
786 804 3
786 117 1
786 771 2
786 609 7
786 740 1
786 983 9
786 199 2
787 477 10
787 814 5
787 626 10
787 576 5
787 911 5
787 223 2
787 884 1
787 36 3
787 157 10
787 56 10
788 439 8
788 14 1
788 738 4
788 543 3
788 155 7
788 14 1
788 670 1
788 836 1
788 106 6
788 567 9
789 927 1
789 307 4
789 221 1
789 222 10
789 897 8
789 868 9
789 948 3
789 800 5
789 178 2
789 662 9
790 921 3
790 496 2
790 748 3
790 496 2
790 387 1
790 807 1
790 443 8
790 984 4
790 312 6
790 552 6
791 574 9
791 601 2
791 926 10
791 944 7
791 693 1
791 160 3
791 683 5
791 337 10
791 151 9
791 561 2
792 910 7
792 411 2
792 830 10
792 772 4
792 227 7
792 728 5
792 848 5
792 208 9
792 796 2
792 499 1
793 611 2
793 731 8
793 651 3
793 29 3
793 662 8
793 11 6
793 209 6
793 806 9
793 283 3
793 311 10
794 529 1
794 915 2
794 890 5
794 14 5
794 51 4
794 502 9
794 590 2
794 604 8
794 1 2
794 810 5
795 24 3
795 98 6
795 955 6
795 877 3
795 87 10
795 989 1
795 352 2
795 489 7
795 672 7
795 544 2
796 509 8
796 818 3
796 742 1
796 179 10
796 430 6
796 996 7
796 804 5
796 745 1
796 125 1
796 625 5
797 199 6
797 617 3
797 361 4
797 512 9
797 369 9
797 917 5
797 520 2
797 415 3
797 663 1
797 24 4
798 813 2
798 128 4
798 875 2
798 501 4
798 31 2
798 384 2
798 90 1
798 699 8
798 955 10
798 702 9
799 268 6
799 953 8
799 749 3
799 300 4
799 74 10
799 212 4
799 663 8
799 927 10
799 154 8
799 115 6
800 207 3
800 772 2
800 71 6
800 552 7
800 117 2
800 691 9
800 452 10
800 77 9
800 457 5
800 450 3
801 695 5
801 286 5
801 95 8
801 346 3
801 130 5
801 147 9
801 892 2
801 489 3
801 489 3
801 500 4
802 865 7
802 351 2
802 905 2
802 705 2
802 486 5
802 838 1
802 3 5
802 805 1
802 574 2
802 217 1
803 556 9
803 19 2
803 759 3
803 645 8
803 407 3
803 5 3
803 119 4
803 10 9
803 35 9
803 704 7
804 862 10
804 789 9
804 188 2
804 247 8
804 495 5
804 543 4
804 332 6
804 931 5
804 607 8
804 74 1
805 281 7
805 301 8
805 46 4
805 743 9
805 540 2
805 139 6
805 611 2
805 576 4
805 343 1
805 932 7
806 48 5
806 197 5
806 942 4
806 508 7
806 403 1
806 327 8
806 447 7
806 39 9
806 400 3
806 155 6
807 98 2
807 305 3
807 888 1
807 364 6
807 930 6
807 261 8
807 313 2
807 298 9
807 870 8
807 282 2
808 930 6
808 651 6
808 696 6
808 853 5
808 632 3
808 82 5
808 352 8
808 412 7
808 578 1
808 181 7
809 147 2
809 222 2
809 137 10
809 380 4
809 713 9
809 337 2
809 67 7
809 621 10
809 315 3
809 105 2
810 491 2
810 752 10
810 620 8
810 896 7
810 552 10
810 539 3
810 558 2
810 153 2
810 427 8
810 2 6
811 734 4
811 678 10
811 301 3
811 514 7
811 979 9
811 470 1
811 574 1
811 656 9
811 534 6
811 527 8
812 801 7
812 586 1
812 422 8
812 387 5
812 372 3
812 801 7
812 422 8
812 972 7
812 252 4
812 157 9
813 306 4
813 530 8
813 902 3
813 882 3
813 666 6
813 409 3
813 654 6
813 285 6
813 672 1
813 285 6
814 969 4
814 118 7
814 439 10
814 902 10
814 241 5
814 516 9
814 575 4
814 869 10
814 777 4
814 433 7
815 282 3
815 912 10
815 570 8
815 39 6
815 15 2
815 242 8
815 75 6
815 127 2
815 921 4
815 992 10
816 633 10
816 124 8
816 319 5
816 903 2
816 235 8
816 70 6
816 977 10
816 577 8
816 283 1
816 35 2
817 83 10
817 976 7
817 948 8
817 365 3
817 103 9
817 585 2
817 974 4
817 848 4
817 427 9
817 141 5
818 716 4
818 592 4
818 886 6
818 920 7
818 451 3
818 155 8
818 527 6
818 963 9
818 863 4
818 216 7
819 352 6
819 53 4
819 625 5
819 371 7
819 3 4
819 395 4
819 505 2
819 539 2
819 113 6
819 736 2
820 95 3
820 165 3
820 557 4
820 376 3
820 470 2
820 400 8
820 937 8
820 174 5
820 581 9
820 290 10
821 385 1
821 880 4
821 442 4
821 942 8
821 141 8
821 500 5
821 722 4
821 697 1
821 59 7
821 750 2
822 364 6
822 276 2
822 90 10
822 754 7
822 257 4
822 52 9
822 953 4
822 604 5
822 233 5
822 954 3
823 387 1
823 9 5
823 703 5
823 298 2
823 326 5
823 336 1
823 236 8
823 818 1
823 507 4
823 331 1
824 836 2
824 254 9
824 180 4
824 113 9
824 472 7
824 252 10
824 773 6
824 55 1
824 96 6
824 549 1
825 583 5
825 789 8
825 464 7
825 715 9
825 776 2
825 328 4
825 864 7
825 329 2
825 321 10
825 297 1
826 23 1
826 390 4
826 615 9
826 29 7
826 295 8
826 324 5
826 952 5
826 467 1
826 687 5
826 373 6
827 70 2
827 338 1
827 480 1
827 69 7
827 981 10
827 881 6
827 563 10
827 365 3
827 458 5
827 125 7
828 815 10
828 779 4
828 68 1
828 462 8
828 35 1
828 583 7
828 608 2
828 647 3
828 908 9
828 139 2
829 776 3
829 373 10
829 728 3
829 468 10
829 695 2
829 700 8
829 673 8
829 371 5
829 829 6
829 4 7
830 749 10
830 932 3
830 253 8
830 332 2
830 58 7
830 465 3
830 630 7
830 305 5
830 864 1
830 273 4
831 594 2
831 689 3
831 569 3
831 528 3
831 481 2
831 717 9
831 957 9
831 254 5
831 369 5
831 855 1
832 330 10
832 786 8
832 825 2
832 689 9
832 714 5
832 14 10
832 246 3
832 14 10
832 751 9
832 614 8
833 755 8
833 462 1
833 351 1
833 97 5
833 77 8
833 421 3
833 857 2
833 668 8
833 94 7
833 754 1
834 453 8
834 176 9
834 852 6
834 355 8
834 234 7
834 794 1
834 518 1
834 771 10
834 457 7
834 655 8
835 472 10
835 659 6
835 177 2
835 897 2
835 527 6
835 11 10
835 418 6
835 789 3
835 981 3
835 473 6
836 224 10
836 685 9
836 790 10
836 666 9
836 756 5
836 295 4
836 534 9
836 265 5
836 607 5
836 488 5
837 94 10
837 984 4
837 2 9
837 673 2
837 617 1
837 543 2
837 276 10
837 215 3
837 576 2
837 684 3
838 980 3
838 601 9
838 182 2
838 236 3
838 148 8
838 491 1
838 894 2
838 211 6
838 992 9
838 506 5
839 674 10
839 141 5
839 874 10
839 912 6
839 166 1
839 303 9
839 291 1
839 433 5
839 673 4
839 71 3
840 299 1
840 718 7
840 216 10
840 824 9
840 627 2
840 828 9
840 742 4
840 28 3
840 358 9
840 503 6
841 418 8
841 844 6
841 622 5
841 103 2
841 105 6
841 389 7
841 497 2
841 994 2
841 567 9
841 800 4
842 214 3
842 948 3
842 322 5
842 305 2
842 219 7
842 787 6
842 175 2
842 333 6
842 991 9
842 474 4
843 619 2
843 225 8
843 578 4
843 880 1
843 771 5
843 97 2
843 61 3
843 890 9
843 387 9
843 129 6
844 494 4
844 874 6
844 488 2
844 109 5
844 424 4
844 948 7
844 707 5
844 742 1
844 308 10
844 687 6
845 570 1
845 118 1
845 682 9
845 259 8
845 6 2
845 840 9
845 978 9
845 624 7
845 292 6
845 126 9
846 952 10
846 885 4
846 604 10
846 952 10
846 446 5
846 876 5
846 353 2
846 713 8
846 948 4
846 865 7
847 316 10
847 226 2
847 598 7
847 759 2
847 111 1
847 563 5
847 674 10
847 479 3
847 408 6
847 642 5
848 896 6
848 620 9
848 859 6
848 845 4
848 414 3
848 176 2
848 667 2
848 489 1
848 760 10
848 436 3
849 94 5
849 350 1
849 963 8
849 341 1
849 137 2
849 677 5
849 318 6
849 340 10
849 745 10
849 264 7
850 923 8
850 739 5
850 462 3
850 705 4
850 105 7
850 204 4
850 807 2
850 577 10
850 638 7
850 357 6
851 380 1
851 71 4
851 252 9
851 585 7
851 697 9
851 501 9
851 801 9
851 913 2
851 375 6
851 364 4
852 119 3
852 204 10
852 946 4
852 290 4
852 658 2
852 410 7
852 134 4
852 501 7
852 335 2
852 403 6
853 756 3
853 674 9
853 96 6
853 904 5
853 765 3
853 880 10
853 103 5
853 61 6
853 313 5
853 23 10
854 176 2
854 914 1
854 541 8
854 635 6
854 104 1
854 93 1
854 167 9
854 671 9
854 905 3
854 31 1
855 105 10
855 706 8
855 525 2
855 409 5
855 806 2
855 432 2
855 763 10
855 839 4
855 898 5
855 189 4
856 588 7
856 595 4
856 963 9
856 301 4
856 351 9
856 126 4
856 101 7
856 140 4
856 437 2
856 312 7
857 294 7
857 290 10
857 786 6
857 229 5
857 528 9
857 93 5
857 99 6
857 26 3
857 546 2
857 649 10
858 881 8
858 680 3
858 484 3
858 432 1
858 974 7
858 436 10
858 572 2
858 952 2
858 255 3
858 154 4
859 7 5
859 702 5
859 422 8
859 575 4
859 842 7
859 663 10
859 843 4
859 312 5
859 634 3
859 695 6
860 959 10
860 666 9
860 403 9
860 787 6
860 614 4
860 194 8
860 562 2
860 567 7
860 349 4
860 29 9
861 587 2
861 301 10
861 771 2
861 439 3
861 373 1
861 483 9
861 836 2
861 788 6
861 839 7
861 855 9
862 452 3
862 462 3
862 873 2
862 870 4
862 255 4
862 441 6
862 597 6
862 81 2
862 809 8
862 805 9
863 623 8
863 595 8
863 70 8
863 812 10
863 341 10
863 55 10
863 249 9
863 893 8
863 76 7
863 691 5
864 537 3
864 682 4
864 924 8
864 907 4
864 656 1
864 253 2
864 871 10
864 645 1
864 505 10
864 817 5
865 680 5
865 95 7
865 70 4
865 809 2
865 332 7
865 784 8
865 748 3
865 208 2
865 558 2
865 596 7
866 378 8
866 45 3
866 648 6
866 678 4
866 533 2
866 189 8
866 377 3
866 827 8
866 339 4
866 857 4
867 10 1
867 157 5
867 247 8
867 367 9
867 86 6
867 370 5
867 690 5
867 256 7
867 244 7
867 65 8
868 605 10
868 17 7
868 527 1
868 783 1
868 318 6
868 734 4
868 165 10
868 882 6
868 304 2
868 634 7
869 5 10
869 464 5
869 26 6
869 365 7
869 858 7
869 369 3
869 307 5
869 766 1
869 218 4
869 753 4
870 880 5
870 493 5
870 845 3
870 797 7
870 715 7
870 314 2
870 976 7
870 183 1
870 764 9
870 724 10
871 137 1
871 200 10
871 713 1
871 154 10
871 110 10
871 232 8
871 809 5
871 714 10
871 320 2
871 869 3
872 588 4
872 302 10
872 996 1
872 24 6
872 581 5
872 478 3
872 506 7
872 729 6
872 947 7
872 178 6
873 933 1
873 123 7
873 784 10
873 244 10
873 762 8
873 199 7
873 627 8
873 192 10
873 466 4
873 478 1
874 548 9
874 229 7
874 230 3
874 122 7
874 238 1
874 477 3
874 749 1
874 686 10
874 649 5
874 139 8
875 311 7
875 113 6
875 224 8
875 659 10
875 233 2
875 583 1
875 604 3
875 28 9
875 484 4
875 99 10
876 838 9
876 699 8
876 483 1
876 317 8
876 264 6
876 296 4
876 18 6
876 577 2
876 381 6
876 818 9
877 860 4
877 640 7
877 226 10
877 806 2
877 802 5
877 867 8
877 638 7
877 211 9
877 44 5
877 720 10
878 77 3
878 647 10
878 719 9
878 378 8
878 192 1
878 986 5
878 914 6
878 672 1
878 862 7
878 153 2
879 787 7
879 848 8
879 519 5
879 270 4
879 459 9
879 76 2
879 860 5
879 828 1
879 742 6
879 397 5
880 317 4
880 298 5
880 409 9
880 948 7
880 65 5
880 716 2
880 792 1
880 273 6
880 990 10
880 136 3
881 433 5
881 590 4
881 456 9
881 306 8
881 125 6
881 535 2
881 131 10
881 3 5
881 25 7
881 749 5
882 940 2
882 946 3
882 992 1
882 982 1
882 380 6
882 258 10
882 253 4
882 592 1
882 198 4
882 864 4
883 149 6
883 368 6
883 718 8
883 133 4
883 670 4
883 210 8
883 260 10
883 753 4
883 751 8
883 397 1
884 93 3
884 488 5
884 298 6
884 248 4
884 170 5
884 271 8
884 203 6
884 707 5
884 543 9
884 956 9
885 851 10
885 284 2
885 499 9
885 489 3
885 695 1
885 369 2
885 652 7
885 627 4
885 854 1
885 805 4
886 453 7
886 37 4
886 78 8
886 650 7
886 645 4
886 694 9
886 754 10
886 181 3
886 589 5
886 15 6
887 488 1
887 335 9
887 650 6
887 281 1
887 475 8
887 607 10
887 906 7
887 366 3
887 539 1
887 31 9
888 734 8
888 311 4
888 342 7
888 746 8
888 341 2
888 324 6
888 332 4
888 155 5
888 611 8
888 584 9
889 470 6
889 265 8
889 389 8
889 710 3
889 686 1
889 172 3
889 471 10
889 941 7
889 565 3
889 590 7
890 779 8
890 929 4
890 778 2
890 808 9
890 839 8
890 302 10
890 175 10
890 681 2
890 34 7
890 281 10
891 430 6
891 791 8
891 31 1
891 76 5
891 863 10
891 584 7
891 273 1
891 927 1
891 351 4
891 603 4
892 301 10
892 100 8
892 948 9
892 231 1
892 533 2
892 879 8
892 959 6
892 623 2
892 477 7
892 91 4
893 940 6
893 328 10
893 844 10
893 163 9
893 84 6
893 322 9
893 285 6
893 814 6
893 807 6
893 998 1
894 710 8
894 627 10
894 432 5
894 361 2
894 956 2
894 402 5
894 623 4
894 201 9
894 180 9
894 942 3
895 58 9
895 814 5
895 614 10
895 350 8
895 431 1
895 556 9
895 658 5
895 246 2
895 324 7
895 699 8
896 121 8
896 551 6
896 661 3
896 399 7
896 832 1
896 785 7
896 328 3
896 991 2
896 653 1
896 577 4
897 923 1
897 845 6
897 495 3
897 738 5
897 132 3
897 502 4
897 93 7
897 72 1
897 103 10
897 612 5
898 764 9
898 952 1
898 726 2
898 256 10
898 582 9
898 931 9
898 463 1
898 557 6
898 529 2
898 244 1
899 982 8
899 564 8
899 338 5
899 365 8
899 967 4
899 657 10
899 394 9
899 323 3
899 696 1
899 907 5
900 924 10
900 805 1
900 181 7
900 718 1
900 269 6
900 844 4
900 39 8
900 824 5
900 838 3
900 576 10
901 8 4
901 602 8
901 963 8
901 923 7
901 437 10
901 101 5
901 245 5
901 917 7
901 269 4
901 59 2
902 718 4
902 868 6
902 241 6
902 101 3
902 861 3
902 378 1
902 224 7
902 226 2
902 244 3
902 601 4
903 263 7
903 474 8
903 18 6
903 58 1
903 687 6
903 328 8
903 303 9
903 323 7
903 94 2
903 704 7
904 947 1
904 113 8
904 769 6
904 90 2
904 135 1
904 864 4
904 896 9
904 798 9
904 565 3
904 82 5
905 978 9
905 210 3
905 656 3
905 644 4
905 292 7
905 148 7
905 164 3
905 875 3
905 140 7
905 863 5
906 472 4
906 807 8
906 436 8
906 189 3
906 316 1
906 126 8
906 427 6
906 256 2
906 979 5
906 683 2
907 658 9
907 419 2
907 888 7
907 344 6
907 737 6
907 76 4
907 236 1
907 281 2
907 176 4
907 619 10
908 55 2
908 114 3
908 547 1
908 984 5
908 702 10
908 707 8
908 306 7
908 102 2
908 403 4
908 61 5
909 701 1
909 914 10
909 453 10
909 988 9
909 296 4
909 123 1
909 924 10
909 487 1
909 980 5
909 210 3
910 21 4
910 808 7
910 690 4
910 444 4
910 104 9
910 313 10
910 978 4
910 229 8
910 580 8
910 572 4
911 519 7
911 903 9
911 201 6
911 166 6
911 908 4
911 555 10
911 329 10
911 451 10
911 618 6
911 769 1
912 634 8
912 634 8
912 600 2
912 185 4
912 104 10
912 310 10
912 912 7
912 15 7
912 537 6
912 259 8
913 357 1
913 611 3
913 969 9
913 684 2
913 401 8
913 948 1
913 791 5
913 85 6
913 757 5
913 351 8
914 974 3
914 102 3
914 637 9
914 121 2
914 128 10
914 962 2
914 240 2
914 432 6
914 823 1
914 4 5
915 175 3
915 46 3
915 384 9
915 547 4
915 205 4
915 702 8
915 210 5
915 886 4
915 748 9
915 281 2
916 139 6
916 710 2
916 502 2
916 842 7
916 259 7
916 228 4
916 219 10
916 742 6
916 549 1
916 181 9
917 864 1
917 257 7
917 820 4
917 829 4
917 6 6
917 849 5
917 634 4
917 492 1
917 178 1
917 483 6
918 641 6
918 368 10
918 847 8
918 813 2
918 726 5
918 187 6
918 141 8
918 937 2
918 1000 6
918 676 4
919 59 2
919 704 5
919 198 6
919 814 1
919 673 3
919 146 5
919 883 4
919 412 9
919 261 9
919 305 5
920 622 2
920 402 8
920 143 2
920 568 2
920 115 4
920 591 2
920 492 7
920 824 2
920 858 7
920 548 5
921 251 6
921 760 8
921 386 1
921 603 9
921 614 9
921 393 8
921 21 6
921 754 8
921 806 4
921 475 10
922 884 4
922 436 8
922 460 1
922 322 8
922 131 2
922 934 7
922 34 7
922 430 1
922 809 9
922 402 1
923 447 8
923 279 7
923 665 4
923 651 1
923 728 4
923 549 6
923 23 2
923 641 10
923 268 10
923 714 9
924 763 10
924 226 3
924 360 8
924 252 3
924 95 1
924 727 1
924 357 10
924 77 4
924 752 3
924 199 9
925 986 3
925 687 5
925 881 3
925 483 4
925 643 7
925 681 2
925 522 5
925 665 9
925 573 6
925 550 5
926 119 6
926 671 4
926 287 1
926 548 5
926 179 7
926 464 1
926 355 4
926 179 7
926 89 6
926 101 6
927 524 2
927 536 6
927 413 2
927 400 1
927 672 9
927 162 3
927 657 4
927 886 10
927 140 8
927 928 8
928 726 10
928 910 8
928 242 4
928 219 5
928 889 10
928 33 6
928 758 4
928 701 3
928 514 3
928 474 10
929 703 3
929 104 5
929 482 10
929 657 6
929 442 1
929 973 2
929 816 10
929 743 10
929 690 2
929 477 2
930 934 10
930 661 9
930 982 3
930 494 6
930 312 1
930 842 9
930 749 2
930 543 5
930 105 4
930 53 8
931 780 9
931 221 7
931 334 6
931 332 7
931 330 7
931 741 5
931 686 4
931 585 1
931 73 2
931 477 7
932 706 6
932 603 10
932 385 9
932 700 7
932 565 9
932 730 7
932 827 7
932 715 3
932 885 4
932 154 8
933 562 3
933 102 5
933 573 4
933 68 5
933 628 9
933 775 4
933 4 10
933 373 8
933 575 1
933 617 2
934 752 1
934 674 5
934 582 8
934 690 8
934 906 2
934 413 3
934 677 8
934 972 10
934 751 10
934 430 10
935 232 10
935 782 4
935 744 1
935 216 8
935 987 4
935 665 6
935 221 9
935 587 7
935 785 8
935 25 3
936 144 6
936 320 3
936 489 5
936 37 10
936 539 9
936 332 1
936 221 7
936 902 6
936 103 2
936 777 5
937 440 9
937 102 4
937 882 2
937 502 10
937 23 8
937 192 10
937 67 1
937 49 2
937 316 7
937 453 5
938 653 4
938 17 2
938 871 1
938 604 3
938 217 1
938 320 7
938 192 9
938 214 3
938 660 5
938 988 10
939 519 10
939 725 2
939 938 4
939 36 6
939 193 4
939 404 8
939 190 6
939 377 10
939 150 7
939 834 8
940 154 5
940 322 10
940 423 1
940 539 1
940 646 7
940 526 6
940 70 4
940 116 4
940 117 10
940 202 9
941 310 10
941 633 10
941 102 3
941 610 9
941 158 2
941 225 2
941 431 1
941 208 6
941 407 4
941 995 8
942 165 1
942 677 9
942 963 4
942 612 2
942 386 10
942 332 2
942 245 4
942 686 1
942 798 2
942 671 1
943 112 6
943 837 4
943 687 10
943 68 4
943 587 10
943 323 8
943 375 4
943 780 3
943 750 8
943 821 5
944 675 5
944 78 10
944 69 3
944 418 8
944 741 7
944 989 5
944 822 10
944 469 5
944 167 9
944 326 8
945 3 4
945 261 9
945 624 6
945 993 1
945 411 2
945 277 2
945 341 2
945 454 7
945 867 4
945 348 3
946 275 9
946 67 6
946 865 6
946 496 6
946 328 9
946 943 6
946 614 1
946 854 10
946 480 5
946 736 10
947 968 4
947 896 8
947 901 3
947 889 5
947 882 2
947 549 7
947 880 5
947 508 3
947 218 1
947 632 8
948 696 3
948 56 3
948 261 7
948 852 9
948 376 9
948 763 4
948 354 8
948 366 7
948 331 5
948 267 7
949 226 9
949 543 10
949 489 2
949 705 8
949 604 4
949 789 7
949 866 6
949 874 5
949 511 8
949 59 6
950 628 7
950 373 4
950 419 9
950 481 6
950 454 6
950 538 5
950 840 3
950 642 3
950 91 6
950 655 7
951 510 3
951 692 2
951 491 3
951 35 9
951 707 10
951 509 1
951 815 2
951 72 6
951 466 4
951 292 4
952 339 4
952 472 3
952 84 4
952 903 8
952 586 3
952 745 8
952 919 8
952 990 3
952 189 3
952 712 9
953 726 2
953 562 6
953 367 4
953 180 2
953 128 8
953 309 8
953 858 3
953 858 3
953 207 6
953 691 7
954 569 1
954 439 10
954 853 10
954 135 9
954 680 8
954 723 9
954 970 3
954 858 6
954 715 7
954 229 4
955 311 3
955 164 7
955 795 3
955 226 1
955 950 6
955 6 10
955 703 9
955 228 5
955 832 10
955 721 5
956 669 5
956 753 4
956 706 9
956 750 10
956 584 6
956 139 2
956 304 9
956 403 9
956 714 10
956 480 5
957 774 9
957 737 4
957 880 4
957 453 8
957 872 3
957 703 1
957 922 3
957 585 10
957 725 2
957 830 10
958 411 2
958 185 1
958 618 8
958 512 10
958 886 2
958 593 5
958 943 8
958 112 9
958 999 8
958 862 8
959 114 3
959 556 10
959 906 6
959 922 7
959 779 5
959 630 9
959 208 7
959 884 6
959 953 4
959 326 1
960 565 6
960 876 4
960 774 7
960 35 2
960 700 5
960 630 7
960 958 1
960 616 5
960 433 6
960 181 6
961 545 5
961 358 4
961 8 5
961 870 1
961 954 3
961 579 10
961 738 4
961 944 8
961 903 10
961 38 6
962 119 10
962 732 7
962 465 8
962 935 4
962 433 2
962 226 4
962 666 1
962 517 2
962 988 3
962 686 5
963 257 3
963 921 10
963 509 5
963 973 7
963 779 5
963 477 5
963 364 5
963 50 6
963 207 7
963 7 3
964 363 6
964 453 3
964 727 3
964 426 6
964 252 4
964 673 2
964 125 1
964 646 4
964 699 7
964 678 6
965 198 1
965 626 2
965 689 9
965 808 1
965 137 1
965 735 2
965 924 2
965 46 3
965 918 5
965 764 7
966 163 1
966 905 6
966 690 10
966 534 8
966 724 7
966 180 10
966 72 4
966 971 2
966 393 5
966 394 8
967 881 5
967 553 10
967 764 10
967 525 3
967 904 8
967 842 6
967 140 3
967 604 5
967 955 9
967 771 8
968 340 1
968 910 10
968 992 9
968 189 4
968 238 6
968 427 3
968 481 1
968 63 5
968 829 6
968 865 6
969 792 10
969 381 8
969 777 6
969 87 3
969 201 1
969 653 8
969 341 4
969 89 10
969 929 1
969 183 9
970 794 8
970 314 4
970 160 3
970 33 1
970 67 3
970 605 7
970 332 10
970 460 9
970 440 9
970 305 1
971 22 10
971 257 8
971 967 5
971 210 7
971 120 10
971 857 1
971 145 7
971 8 6
971 442 8
971 461 2
972 90 2
972 480 10
972 833 4
972 73 1
972 557 9
972 211 9
972 687 3
972 351 9
972 941 1
972 777 8
973 561 4
973 872 5
973 845 10
973 71 7
973 625 3
973 24 8
973 95 1
973 219 8
973 423 10
973 168 1
974 798 10
974 622 9
974 905 1
974 613 7
974 283 1
974 469 9
974 731 2
974 483 8
974 523 7
974 103 9
975 1 10
975 609 3
975 126 9
975 399 8
975 3 5
975 205 2
975 532 2
975 279 2
975 981 10
975 439 1
976 866 6
976 257 4
976 219 3
976 35 5
976 722 6
976 212 3
976 380 7
976 607 8
976 880 4
976 902 9
977 673 6
977 262 8
977 788 6
977 489 8
977 908 9
977 932 1
977 952 10
977 917 6
977 25 2
977 292 5
978 699 7
978 171 7
978 760 3
978 990 4
978 677 8
978 856 3
978 250 9
978 273 6
978 398 9
978 28 4
979 220 7
979 112 7
979 909 10
979 218 8
979 862 4
979 387 8
979 509 7
979 630 7
979 265 10
979 584 3
980 736 7
980 474 1
980 816 9
980 288 2
980 107 7
980 948 3
980 206 9
980 907 5
980 843 8
980 225 1
981 932 7
981 461 1
981 691 7
981 398 8
981 351 4
981 707 5
981 613 4
981 512 1
981 127 5
981 51 5
982 411 7
982 619 10
982 742 6
982 502 7
982 841 9
982 698 1
982 681 5
982 373 1
982 768 2
982 982 9
983 227 7
983 148 2
983 496 4
983 684 6
983 720 5
983 402 7
983 354 7
983 477 10
983 822 8
983 959 6
984 820 1
984 654 1
984 919 10
984 220 6
984 492 9
984 531 7
984 250 5
984 593 3
984 747 6
984 973 6
985 28 9
985 737 5
985 890 1
985 860 3
985 7 10
985 194 2
985 861 5
985 563 9
985 638 3
985 514 9
986 988 10
986 277 2
986 945 7
986 420 8
986 261 5
986 766 4
986 863 9
986 431 3
986 436 1
986 411 2
987 88 9
987 202 6
987 367 8
987 215 9
987 955 2
987 556 6
987 946 9
987 101 10
987 64 9
987 943 5
988 501 7
988 499 2
988 895 6
988 590 1
988 974 3
988 81 7
988 896 5
988 57 5
988 712 3
988 110 4
989 444 6
989 17 9
989 251 10
989 974 4
989 730 3
989 757 5
989 661 5
989 181 6
989 537 1
989 109 6
990 424 9
990 189 1
990 548 7
990 101 5
990 553 10
990 529 3
990 416 1
990 262 5
990 149 8
990 817 1
991 683 3
991 798 7
991 203 9
991 237 2
991 240 9
991 903 1
991 50 8
991 77 9
991 9 1
991 718 2
992 836 7
992 239 10
992 157 3
992 277 1
992 47 3
992 367 7
992 332 7
992 996 5
992 446 1
992 408 4
993 826 8
993 406 3
993 312 9
993 424 3
993 262 7
993 861 4
993 183 3
993 258 5
993 717 9
993 135 7
994 620 2
994 197 2
994 545 6
994 293 9
994 4 6
994 55 4
994 991 10
994 826 8
994 926 2
994 339 3
995 888 9
995 771 9
995 440 7
995 670 6
995 765 2
995 107 8
995 446 10
995 644 2
995 573 4
995 736 5
996 335 6
996 649 2
996 998 6
996 317 2
996 193 9
996 936 2
996 439 2
996 708 10
996 15 4
996 530 2
997 78 7
997 199 2
997 645 6
997 651 10
997 602 6
997 249 5
997 245 5
997 175 2
997 730 3
997 310 7
998 347 1
998 812 10
998 340 3
998 897 1
998 817 2
998 632 7
998 975 2
998 730 3
998 777 5
998 73 7
999 675 7
999 548 9
999 21 10
999 869 6
999 178 2
999 693 1
999 997 3
999 185 1
999 429 6
999 836 10
1000 796 1
1000 6 7
1000 736 4
1000 231 6
1000 150 1
1000 848 10
1000 297 10
1000 70 8
1000 99 7
1000 803 2
