200
1 4 2
1 88 3
1 142 1
1 186 5
1 33 2
1 143 7
1 28 8
1 60 1
1 108 2
1 143 7
2 128 2
2 157 6
2 174 7
2 119 8
2 181 2
2 47 7
2 135 6
2 103 2
2 38 2
2 86 5
3 181 7
3 119 10
3 52 10
3 192 5
3 51 6
3 178 2
3 198 9
3 169 9
3 41 3
3 94 9
4 148 5
4 6 6
4 28 1
4 194 9
4 193 10
4 164 7
4 92 3
4 20 9
4 122 2
4 99 9
5 197 6
5 117 4
5 78 9
5 67 8
5 26 10
5 35 10
5 82 4
5 50 9
5 19 7
5 136 5
6 150 7
6 182 7
6 142 6
6 105 10
6 78 1
6 184 1
6 142 6
6 116 4
6 174 10
6 174 10
7 141 9
7 186 9
7 183 2
7 83 5
7 132 10
7 121 4
7 178 3
7 13 5
7 197 6
7 113 2
8 99 7
8 52 9
8 49 8
8 42 2
8 86 6
8 158 10
8 187 5
8 28 4
8 72 4
8 163 6
9 7 2
9 193 9
9 180 3
9 85 8
9 194 5
9 39 2
9 18 4
9 59 5
9 31 4
9 131 6
10 71 2
10 1 10
10 196 9
10 10 10
10 142 8
10 22 8
10 195 3
10 44 3
10 16 8
10 188 8
11 152 7
11 183 4
11 135 4
11 161 5
11 195 9
11 136 4
11 39 8
11 157 9
11 188 1
11 116 2
12 191 7
12 113 2
12 75 3
12 154 3
12 34 1
12 127 7
12 1 8
12 5 9
12 38 10
12 143 8
13 2 1
13 118 9
13 190 2
13 97 8
13 49 1
13 166 9
13 28 6
13 137 5
13 171 8
13 145 10
14 152 6
14 89 10
14 76 4
14 136 2
14 107 5
14 137 3
14 22 4
14 103 5
14 85 7
14 44 10
15 125 2
15 82 1
15 131 1
15 153 1
15 62 10
15 130 3
15 185 9
15 175 6
15 106 6
15 69 4
16 186 3
16 112 3
16 177 10
16 88 8
16 166 4
16 95 1
16 148 7
16 128 4
16 23 7
16 99 7
17 101 10
17 132 5
17 195 1
17 175 8
17 190 4
17 96 8
17 134 6
17 143 2
17 115 4
17 150 3
18 106 6
18 35 2
18 65 9
18 127 10
18 133 4
18 170 5
18 3 5
18 46 3
18 179 1
18 133 4
19 116 1
19 45 2
19 21 1
19 90 1
19 92 5
19 132 3
19 133 6
19 144 5
19 107 7
19 97 9
20 11 9
20 44 7
20 125 9
20 92 7
20 80 8
20 97 10
20 130 6
20 86 1
20 183 1
20 193 10
21 69 5
21 89 5
21 164 9
21 26 9
21 111 7
21 101 3
21 191 9
21 17 9
21 80 3
21 190 10
22 139 3
22 168 9
22 20 8
22 102 1
22 137 2
22 189 5
22 176 7
22 146 7
22 161 3
22 180 2
23 19 7
23 52 10
23 199 9
23 46 1
23 147 8
23 182 6
23 22 10
23 10 1
23 192 10
23 172 4
24 197 10
24 88 10
24 102 2
24 194 4
24 150 9
24 139 4
24 123 2
24 190 6
24 63 10
24 122 8
25 10 3
25 130 2
25 29 10
25 46 1
25 89 1
25 131 3
25 194 8
25 139 7
25 149 2
25 184 2
26 127 6
26 199 2
26 56 4
26 144 10
26 12 7
26 129 5
26 112 4
26 157 9
26 100 7
26 163 1
27 111 3
27 36 1
27 159 3
27 169 10
27 66 4
27 75 7
27 51 8
27 27 6
27 187 6
27 96 5
28 180 6
28 167 4
28 163 6
28 68 10
28 174 1
28 163 6
28 78 2
28 145 9
28 117 10
28 125 10
29 146 10
29 100 4
29 6 7
29 155 2
29 85 2
29 99 3
29 12 7
29 95 3
29 142 6
29 156 5
30 134 7
30 171 4
30 135 6
30 153 4
30 104 1
30 130 8
30 102 6
30 95 1
30 130 8
30 169 4
31 71 9
31 27 3
31 194 2
31 49 9
31 157 4
31 21 9
31 74 5
31 163 8
31 182 1
31 140 3
32 186 6
32 200 2
32 159 2
32 171 6
32 62 3
32 100 3
32 130 6
32 110 10
32 176 8
32 27 3
33 87 3
33 172 5
33 158 8
33 125 1
33 48 5
33 18 7
33 187 5
33 137 2
33 38 6
33 135 5
34 147 1
34 22 7
34 140 5
34 141 8
34 182 8
34 80 9
34 172 8
34 21 2
34 188 5
34 79 4
35 160 7
35 56 3
35 182 5
35 66 10
35 166 8
35 91 6
35 49 4
35 71 9
35 174 8
35 187 1
36 123 3
36 32 2
36 31 2
36 53 2
36 182 7
36 54 10
36 101 4
36 146 10
36 113 4
36 160 4
37 115 3
37 151 9
37 95 8
37 181 7
37 142 1
37 11 4
37 53 8
37 77 3
37 179 5
37 173 5
38 99 4
38 9 2
38 92 4
38 64 7
38 171 6
38 189 8
38 142 1
38 38 6
38 91 9
38 146 9
39 42 2
39 99 9
39 47 4
39 187 8
39 182 4
39 156 7
39 54 4
39 106 2
39 171 3
39 11 2
40 88 9
40 5 1
40 43 10
40 176 6
40 138 8
40 5 1
40 6 8
40 129 9
40 162 4
40 59 4
41 86 5
41 158 5
41 60 7
41 51 6
41 83 3
41 30 3
41 89 10
41 168 3
41 110 9
41 165 3
42 103 2
42 125 10
42 96 7
42 117 5
42 47 9
42 72 7
42 37 5
42 198 8
42 77 9
42 52 10
43 175 4
43 87 6
43 96 10
43 176 8
43 33 1
43 100 7
43 19 10
43 135 6
43 126 5
43 130 4
44 69 6
44 145 2
44 144 7
44 89 8
44 158 3
44 11 5
44 189 5
44 143 7
44 155 6
44 27 3
45 177 5
45 53 7
45 22 4
45 163 1
45 95 2
45 120 2
45 141 2
45 28 8
45 62 3
45 137 3
46 90 9
46 150 5
46 46 8
46 76 1
46 164 10
46 145 5
46 23 8
46 51 3
46 4 8
46 56 2
47 17 4
47 153 8
47 11 1
47 46 10
47 37 1
47 123 8
47 25 4
47 82 4
47 56 9
47 79 9
48 35 8
48 182 2
48 139 2
48 36 1
48 85 5
48 58 10
48 85 5
48 185 6
48 177 10
48 158 10
49 197 1
49 82 10
49 144 1
49 14 4
49 148 10
49 36 3
49 29 2
49 119 3
49 175 1
49 186 4
50 112 1
50 65 7
50 79 2
50 59 1
50 94 8
50 49 8
50 150 1
50 53 5
50 26 5
50 4 4
51 153 7
51 129 8
51 196 8
51 162 4
51 189 2
51 181 9
51 166 6
51 145 1
51 177 7
51 40 7
52 87 2
52 7 3
52 144 9
52 194 1
52 132 2
52 126 9
52 181 2
52 185 1
52 103 10
52 73 8
53 164 9
53 147 5
53 2 7
53 78 8
53 188 7
53 59 7
53 112 2
53 136 8
53 116 7
53 16 2
54 83 3
54 134 10
54 82 7
54 122 3
54 73 6
54 135 6
54 175 8
54 93 6
54 153 7
54 198 6
55 45 7
55 171 2
55 39 9
55 166 8
55 174 7
55 180 4
55 157 4
55 98 2
55 7 7
55 80 5
56 94 4
56 55 1
56 152 4
56 169 9
56 27 10
56 8 7
56 133 1
56 199 2
56 187 8
56 200 3
57 47 2
57 32 6
57 10 8
57 77 6
57 158 6
57 17 6
57 71 9
57 86 7
57 181 6
57 16 8
58 67 9
58 1 3
58 56 3
58 128 3
58 194 1
58 167 9
58 103 9
58 125 10
58 194 1
58 112 6
59 60 6
59 10 5
59 133 3
59 193 3
59 173 6
59 154 5
59 113 10
59 38 8
59 109 5
59 59 4
60 106 9
60 190 2
60 15 5
60 30 7
60 53 6
60 175 10
60 173 10
60 64 1
60 46 4
60 25 7
61 167 7
61 100 7
61 187 10
61 89 2
61 193 1
61 190 4
61 129 10
61 37 1
61 48 1
61 37 1
62 27 3
62 111 9
62 75 8
62 140 8
62 25 1
62 168 6
62 191 2
62 164 2
62 91 8
62 137 8
63 86 8
63 25 2
63 29 5
63 104 7
63 170 6
63 135 8
63 165 1
63 198 8
63 67 5
63 164 7
64 107 6
64 195 8
64 26 4
64 135 2
64 159 3
64 146 4
64 80 2
64 30 7
64 113 10
64 27 5
65 115 5
65 158 6
65 162 3
65 24 1
65 153 9
65 132 8
65 192 9
65 111 1
65 140 3
65 110 4
66 104 3
66 79 3
66 136 6
66 137 8
66 142 10
66 175 3
66 150 4
66 198 10
66 182 6
66 59 1
67 165 1
67 117 10
67 151 1
67 75 6
67 157 5
67 159 9
67 85 9
67 37 7
67 70 8
67 17 9
68 189 5
68 96 4
68 5 8
68 7 7
68 142 8
68 25 8
68 168 5
68 91 3
68 188 9
68 182 8
69 142 7
69 70 3
69 109 7
69 197 9
69 135 3
69 122 5
69 184 1
69 92 7
69 1 10
69 200 10
70 144 8
70 176 2
70 172 10
70 102 2
70 177 4
70 147 3
70 101 4
70 2 3
70 121 6
70 55 10
71 97 4
71 185 6
71 9 5
71 141 4
71 175 9
71 125 4
71 114 1
71 41 7
71 11 7
71 133 9
72 50 10
72 138 6
72 52 7
72 20 6
72 167 2
72 22 4
72 186 8
72 126 6
72 30 1
72 74 7
73 35 10
73 32 9
73 183 6
73 173 8
73 181 3
73 80 8
73 47 2
73 146 6
73 63 9
73 30 7
74 109 2
74 40 4
74 42 10
74 46 3
74 110 9
74 112 8
74 189 5
74 20 2
74 41 8
74 107 9
75 3 8
75 126 6
75 197 2
75 131 8
75 200 3
75 175 4
75 53 1
75 64 2
75 114 1
75 6 5
76 162 8
76 83 7
76 94 3
76 81 5
76 12 1
76 183 8
76 106 4
76 113 3
76 60 9
76 170 1
77 197 1
77 191 10
77 28 5
77 138 2
77 164 6
77 30 2
77 25 3
77 81 2
77 62 5
77 180 1
78 78 1
78 161 7
78 1 8
78 191 9
78 41 7
78 144 2
78 62 1
78 186 4
78 62 1
78 15 5
79 105 9
79 2 9
79 88 3
79 168 3
79 104 5
79 91 6
79 160 1
79 1 10
79 73 6
79 55 8
80 21 3
80 166 1
80 133 10
80 196 10
80 24 8
80 149 8
80 122 8
80 139 7
80 89 5
80 177 7
81 134 1
81 189 5
81 107 9
81 12 3
81 147 9
81 12 3
81 59 4
81 115 8
81 131 3
81 5 1
82 134 2
82 75 1
82 13 2
82 190 5
82 196 2
82 4 6
82 39 3
82 83 9
82 21 6
82 36 2
83 136 6
83 199 3
83 94 4
83 161 6
83 20 4
83 7 5
83 135 10
83 146 5
83 59 2
83 116 4
84 25 6
84 95 10
84 143 2
84 66 3
84 49 2
84 43 1
84 114 5
84 73 5
84 199 7
84 146 9
85 35 8
85 111 8
85 122 6
85 128 2
85 96 1
85 133 3
85 138 5
85 161 6
85 116 4
85 59 7
86 179 3
86 124 9
86 97 3
86 65 8
86 40 10
86 33 8
86 83 10
86 70 3
86 43 3
86 174 4
87 23 2
87 147 2
87 54 4
87 72 10
87 51 9
87 73 6
87 136 5
87 19 4
87 104 2
87 108 1
88 180 10
88 6 1
88 60 2
88 90 6
88 107 3
88 61 4
88 17 3
88 116 6
88 76 7
88 99 9
89 188 1
89 171 1
89 80 8
89 178 2
89 86 2
89 137 1
89 55 8
89 12 7
89 149 9
89 39 4
90 102 1
90 44 7
90 95 9
90 165 10
90 122 2
90 186 5
90 144 8
90 63 7
90 190 5
90 3 2
91 138 5
91 5 9
91 45 3
91 112 4
91 125 2
91 92 9
91 160 5
91 165 1
91 35 9
91 24 2
92 165 6
92 189 8
92 144 6
92 41 3
92 76 8
92 26 3
92 139 8
92 84 1
92 45 9
92 114 1
93 61 4
93 82 5
93 42 10
93 192 1
93 130 5
93 7 1
93 128 10
93 156 5
93 107 5
93 113 2
94 191 1
94 130 9
94 95 5
94 4 9
94 33 7
94 12 4
94 187 10
94 157 1
94 115 2
94 180 4
95 58 9
95 33 8
95 147 2
95 74 4
95 79 3
95 90 3
95 39 7
95 45 8
95 86 5
95 61 4
96 125 2
96 200 6
96 139 8
96 123 9
96 52 1
96 85 1
96 66 4
96 83 10
96 35 8
96 53 9
97 155 1
97 129 8
97 94 4
97 94 4
97 30 1
97 159 2
97 183 3
97 36 1
97 59 5
97 104 9
98 80 4
98 166 7
98 97 10
98 120 3
98 6 1
98 74 7
98 53 2
98 162 3
98 31 6
98 159 1
99 39 5
99 68 1
99 57 9
99 93 7
99 77 3
99 77 3
99 165 4
99 194 7
99 122 3
99 72 10
100 128 8
100 46 10
100 198 5
100 186 7
100 52 5
100 110 2
100 97 8
100 159 3
100 163 6
100 141 2
101 9 6
101 101 1
101 33 4
101 194 9
101 98 7
101 45 3
101 45 3
101 159 1
101 117 6
101 53 5
102 63 9
102 17 5
102 132 4
102 110 5
102 45 4
102 52 6
102 171 5
102 82 4
102 15 9
102 179 6
103 76 6
103 194 9
103 42 4
103 121 9
103 34 1
103 5 10
103 138 4
103 114 8
103 19 7
103 24 10
104 116 4
104 162 5
104 32 8
104 28 5
104 34 8
104 42 5
104 103 6
104 25 4
104 50 5
104 52 1
105 83 7
105 155 8
105 195 3
105 17 4
105 192 4
105 61 6
105 37 8
105 182 10
105 152 9
105 157 10
106 99 6
106 193 10
106 147 10
106 134 4
106 170 8
106 97 7
106 63 2
106 116 5
106 176 1
106 110 1
107 171 3
107 79 3
107 68 9
107 112 5
107 195 2
107 25 3
107 167 2
107 116 10
107 174 8
107 184 2
108 162 8
108 91 1
108 164 10
108 93 8
108 117 8
108 32 6
108 194 2
108 166 7
108 9 8
108 37 4
109 46 2
109 196 10
109 194 10
109 147 3
109 34 5
109 183 8
109 52 8
109 1 2
109 87 10
109 42 7
110 55 10
110 71 7
110 53 8
110 108 5
110 41 1
110 108 5
110 105 1
110 90 10
110 141 6
110 78 2
111 149 7
111 132 2
111 176 10
111 40 5
111 110 10
111 164 7
111 42 8
111 162 8
111 92 4
111 43 5
112 86 6
112 47 10
112 35 4
112 64 4
112 37 3
112 30 4
112 109 8
112 39 6
112 168 9
112 72 3
113 103 1
113 84 1
113 83 7
113 5 2
113 114 4
113 107 5
113 125 2
113 58 2
113 40 5
113 4 10
114 79 6
114 86 1
114 160 5
114 141 1
114 11 1
114 156 5
114 83 1
114 33 3
114 112 7
114 74 6
115 140 7
115 122 3
115 56 7
115 87 9
115 147 8
115 65 1
115 160 4
115 189 10
115 155 5
115 89 7
116 104 2
116 33 9
116 182 8
116 14 1
116 61 4
116 54 2
116 183 10
116 116 6
116 83 10
116 25 5
117 43 6
117 192 7
117 77 1
117 135 4
117 106 10
117 166 1
117 110 9
117 90 1
117 131 3
117 75 3
118 7 4
118 100 3
118 13 7
118 88 3
118 62 2
118 5 9
118 108 7
118 200 1
118 142 6
118 16 3
119 200 9
119 73 8
119 191 10
119 67 1
119 34 2
119 48 8
119 11 6
119 111 5
119 178 10
119 129 6
120 154 4
120 6 7
120 45 7
120 25 2
120 158 3
120 50 5
120 193 8
120 80 10
120 123 10
120 184 3
121 84 9
121 150 8
121 53 3
121 10 10
121 49 8
121 124 2
121 144 7
121 128 2
121 143 7
121 199 8
122 64 1
122 177 10
122 196 7
122 182 4
122 89 9
122 200 2
122 71 4
122 140 1
122 93 2
122 171 8
123 176 7
123 99 2
123 83 7
123 156 8
123 157 6
123 44 7
123 57 8
123 83 7
123 116 5
123 65 1
124 22 4
124 184 2
124 42 7
124 60 6
124 148 3
124 47 10
124 33 8
124 114 2
124 31 3
124 108 1
125 181 6
125 55 2
125 96 4
125 97 9
125 158 4
125 159 4
125 120 3
125 13 5
125 80 1
125 91 8
126 104 4
126 68 1
126 196 1
126 180 5
126 92 2
126 38 9
126 80 10
126 89 1
126 167 6
126 53 5
127 135 1
127 142 2
127 152 10
127 144 5
127 125 7
127 151 8
127 153 10
127 139 5
127 142 2
127 54 5
128 71 1
128 164 2
128 84 4
128 31 2
128 73 6
128 188 7
128 123 7
128 37 6
128 9 5
128 6 4
129 99 8
129 64 5
129 36 6
129 107 8
129 58 1
129 38 9
129 60 5
129 192 4
129 107 8
129 192 4
130 27 7
130 98 5
130 198 6
130 75 9
130 49 4
130 180 10
130 2 8
130 160 5
130 148 6
130 141 10
131 36 4
131 154 3
131 54 6
131 61 4
131 154 3
131 51 5
131 135 3
131 59 4
131 15 9
131 102 9
132 175 5
132 182 6
132 112 6
132 124 7
132 113 1
132 11 10
132 151 8
132 13 5
132 15 8
132 86 3
133 116 1
133 167 4
133 66 9
133 27 6
133 81 3
133 64 4
133 146 4
133 91 10
133 44 3
133 119 9
134 74 8
134 84 2
134 101 10
134 122 3
134 91 4
134 110 10
134 74 8
134 51 3
134 168 3
134 78 4
135 81 7
135 6 3
135 200 3
135 6 3
135 87 10
135 39 2
135 101 3
135 133 5
135 24 6
135 90 2
136 66 8
136 87 5
136 56 1
136 16 2
136 14 6
136 190 10
136 60 3
136 94 9
136 120 10
136 163 5
137 26 9
137 29 4
137 113 2
137 91 4
137 59 9
137 2 6
137 152 7
137 62 2
137 191 3
137 73 7
138 172 10
138 147 10
138 160 4
138 54 7
138 9 2
138 96 1
138 37 1
138 172 10
138 170 5
138 140 3
139 28 7
139 110 5
139 28 7
139 59 3
139 114 6
139 49 6
139 118 4
139 118 4
139 30 2
139 105 6
140 145 8
140 194 9
140 199 4
140 147 3
140 59 8
140 40 5
140 140 9
140 82 1
140 149 2
140 199 4
141 129 10
141 43 1
141 182 6
141 134 7
141 136 8
141 69 2
141 11 9
141 25 6
141 41 2
141 170 1
142 46 10
142 22 1
142 118 2
142 122 2
142 165 5
142 124 10
142 183 2
142 170 6
142 119 9
142 192 9
143 160 5
143 134 10
143 29 8
143 25 10
143 38 2
143 83 7
143 158 1
143 156 8
143 143 8
143 58 10
144 97 5
144 159 3
144 146 2
144 194 7
144 3 8
144 170 4
144 123 10
144 129 3
144 134 6
144 129 3
145 10 8
145 47 10
145 26 8
145 115 2
145 130 2
145 165 7
145 58 2
145 61 5
145 30 10
145 88 5
146 174 2
146 79 5
146 146 5
146 158 5
146 54 2
146 93 6
146 48 3
146 128 7
146 10 4
146 40 1
147 153 7
147 83 10
147 88 9
147 152 7
147 62 5
147 174 5
147 149 8
147 138 6
147 163 4
147 161 9
148 175 5
148 183 1
148 63 3
148 41 9
148 18 7
148 166 1
148 104 10
148 4 8
148 174 4
148 120 9
149 127 8
149 69 6
149 146 4
149 128 2
149 99 1
149 188 8
149 199 3
149 3 6
149 48 3
149 126 9
150 3 9
150 57 2
150 162 3
150 118 3
150 36 6
150 195 2
150 79 9
150 114 7
150 5 9
150 44 6
151 26 2
151 7 3
151 46 9
151 9 7
151 35 3
151 60 6
151 96 5
151 59 10
151 107 3
151 177 10
152 16 2
152 163 5
152 116 10
152 197 8
152 113 7
152 177 4
152 52 10
152 36 2
152 121 1
152 39 8
153 188 8
153 195 4
153 42 9
153 110 7
153 55 2
153 96 7
153 103 9
153 125 6
153 140 5
153 19 4
154 147 6
154 55 1
154 69 5
154 104 8
154 21 4
154 195 1
154 167 4
154 114 10
154 30 9
154 114 10
155 176 9
155 122 10
155 15 5
155 89 3
155 196 5
155 47 7
155 128 4
155 163 4
155 136 2
155 104 2
156 49 2
156 174 7
156 36 4
156 139 6
156 148 3
156 198 8
156 73 9
156 169 10
156 32 6
156 49 2
157 123 5
157 30 6
157 136 7
157 158 4
157 100 4
157 65 6
157 136 7
157 52 9
157 83 6
157 148 3
158 165 10
158 96 5
158 124 5
158 67 10
158 89 7
158 141 3
158 51 2
158 149 7
158 60 3
158 146 6
159 140 8
159 22 3
159 54 1
159 183 9
159 43 9
159 81 7
159 120 4
159 62 9
159 83 9
159 20 7
160 98 7
160 130 1
160 171 5
160 71 8
160 87 4
160 29 1
160 97 9
160 4 2
160 155 9
160 11 7
161 159 5
161 79 7
161 20 1
161 45 7
161 66 6
161 108 9
161 79 7
161 78 2
161 2 7
161 159 5
162 75 4
162 170 3
162 77 3
162 8 1
162 150 4
162 176 5
162 154 7
162 178 5
162 149 6
162 20 1
163 55 1
163 175 10
163 198 6
163 79 10
163 89 4
163 35 5
163 31 10
163 139 8
163 123 6
163 5 4
164 98 8
164 45 7
164 1 3
164 157 3
164 120 4
164 118 3
164 140 6
164 101 9
164 185 7
164 108 9
165 160 6
165 195 9
165 190 1
165 14 7
165 90 4
165 94 7
165 187 9
165 72 8
165 136 9
165 92 5
166 86 5
166 159 6
166 2 1
166 61 1
166 88 9
166 89 8
166 96 8
166 75 3
166 64 1
166 29 7
167 12 10
167 60 10
167 14 4
167 137 8
167 82 2
167 16 3
167 3 8
167 131 1
167 101 1
167 68 2
168 87 4
168 7 7
168 109 8
168 165 2
168 37 4
168 19 7
168 111 8
168 29 10
168 28 7
168 99 3
169 134 3
169 154 7
169 41 7
169 94 5
169 176 3
169 2 10
169 125 3
169 17 2
169 44 7
169 192 10
170 197 7
170 36 6
170 61 9
170 39 1
170 194 3
170 7 1
170 15 3
170 6 6
170 29 6
170 152 10
171 150 1
171 46 2
171 12 2
171 149 2
171 108 5
171 60 4
171 23 4
171 74 5
171 148 1
171 32 10
172 123 4
172 37 9
172 197 3
172 43 6
172 147 7
172 38 10
172 17 9
172 89 8
172 24 10
172 25 7
173 114 4
173 135 7
173 2 6
173 28 4
173 130 1
173 186 5
173 132 8
173 143 4
173 20 10
173 16 3
174 128 6
174 38 1
174 82 10
174 22 6
174 132 5
174 102 3
174 114 6
174 63 1
174 143 3
174 173 6
175 54 8
175 119 5
175 28 5
175 47 9
175 138 8
175 126 7
175 53 3
175 24 3
175 24 3
175 172 3
176 164 3
176 197 9
176 24 1
176 89 3
176 171 5
176 197 9
176 178 3
176 8 4
176 142 7
176 191 8
177 95 10
177 21 5
177 127 1
177 94 2
177 130 3
177 140 4
177 184 1
177 84 8
177 133 1
177 7 10
178 128 3
178 2 5
178 147 2
178 90 9
178 63 6
178 21 6
178 51 10
178 140 3
178 74 4
178 17 6
179 164 8
179 166 5
179 106 1
179 19 5
179 179 3
179 109 9
179 188 2
179 37 8
179 115 8
179 132 2
180 158 2
180 66 10
180 9 4
180 45 10
180 195 4
180 98 10
180 91 4
180 113 6
180 122 4
180 135 9
181 134 10
181 30 4
181 108 4
181 127 6
181 6 8
181 52 10
181 200 4
181 81 5
181 109 3
181 72 7
182 74 6
182 129 10
182 156 1
182 38 7
182 71 5
182 189 5
182 42 3
182 113 9
182 173 1
182 194 4
183 26 1
183 134 5
183 96 8
183 3 6
183 184 1
183 126 5
183 124 4
183 45 7
183 120 9
183 14 10
184 137 3
184 43 3
184 125 4
184 180 8
184 56 7
184 58 7
184 192 3
184 127 7
184 132 6
184 150 4
185 94 6
185 20 10
185 55 8
185 47 7
185 132 6
185 75 7
185 176 9
185 36 7
185 127 7
185 101 3
186 84 1
186 99 4
186 199 5
186 170 6
186 52 3
186 137 1
186 59 9
186 137 1
186 189 1
186 143 1
187 9 5
187 170 4
187 78 10
187 9 5
187 63 9
187 198 5
187 20 5
187 34 2
187 89 9
187 72 9
188 28 8
188 50 8
188 182 10
188 112 9
188 180 9
188 112 9
188 120 8
188 199 6
188 159 9
188 193 6
189 44 8
189 54 3
189 180 6
189 20 5
189 198 7
189 137 4
189 154 7
189 73 7
189 197 5
189 104 2
190 16 2
190 63 7
190 101 6
190 91 3
190 147 4
190 38 3
190 136 9
190 93 7
190 120 1
190 45 6
191 200 1
191 11 10
191 182 5
191 196 8
191 31 10
191 93 2
191 106 9
191 42 10
191 74 8
191 167 7
192 130 5
192 35 1
192 188 10
192 198 2
192 52 1
192 184 2
192 148 5
192 145 5
192 130 5
192 158 7
193 45 10
193 61 8
193 94 9
193 103 7
193 35 3
193 133 7
193 36 5
193 115 6
193 174 8
193 165 9
194 36 10
194 132 3
194 45 10
194 5 8
194 136 4
194 43 7
194 176 3
194 176 3
194 172 1
194 88 7
195 109 10
195 35 10
195 153 3
195 43 4
195 160 5
195 8 1
195 79 9
195 24 7
195 128 10
195 41 2
196 111 10
196 49 4
196 186 9
196 67 6
196 96 3
196 73 1
196 62 4
196 19 1
196 147 2
196 58 10
197 122 10
197 16 1
197 136 2
197 90 10
197 180 10
197 45 6
197 176 9
197 152 9
197 102 1
197 133 8
198 121 7
198 10 8
198 97 9
198 108 3
198 100 3
198 58 4
198 74 2
198 156 10
198 131 5
198 188 3
199 104 6
199 26 5
199 174 5
199 109 4
199 42 4
199 141 1
199 185 2
199 138 9
199 155 8
199 112 10
200 173 3
200 118 5
200 103 9
200 25 9
200 12 10
200 131 10
200 127 1
200 14 1
200 72 7
200 185 6
