750
1 128 2
1 141 8
1 284 6
1 449 1
1 300 3
1 137 10
1 673 3
1 664 2
1 110 4
1 10 7
2 181 2
2 708 9
2 39 2
2 603 7
2 160 4
2 31 2
2 245 1
2 309 5
2 484 9
2 347 1
3 96 1
3 496 4
3 521 9
3 699 5
3 327 8
3 47 8
3 633 7
3 47 8
3 254 9
3 319 2
4 262 10
4 440 1
4 128 1
4 168 7
4 152 3
4 692 4
4 202 7
4 635 1
4 348 8
4 694 3
5 632 3
5 213 4
5 322 1
5 290 7
5 148 10
5 521 3
5 338 5
5 587 4
5 49 7
5 421 9
6 365 6
6 322 7
6 657 8
6 414 6
6 414 6
6 213 8
6 89 4
6 534 3
6 464 4
6 352 8
7 24 5
7 345 5
7 482 9
7 304 6
7 248 8
7 527 9
7 719 8
7 732 3
7 551 7
7 519 2
8 638 3
8 367 2
8 233 10
8 707 6
8 340 3
8 129 10
8 499 8
8 507 9
8 10 10
8 126 10
9 230 2
9 497 4
9 301 6
9 21 10
9 19 6
9 376 8
9 581 5
9 483 5
9 549 7
9 163 7
10 366 9
10 239 8
10 85 5
10 377 5
10 651 1
10 144 3
10 165 6
10 198 9
10 148 9
10 195 4
11 132 9
11 395 1
11 289 5
11 329 2
11 228 10
11 118 3
11 87 10
11 448 7
11 353 3
11 200 2
12 496 8
12 666 3
12 273 1
12 468 9
12 505 9
12 76 5
12 79 8
12 746 2
12 254 9
12 224 1
13 444 3
13 154 4
13 78 10
13 540 6
13 444 3
13 453 4
13 279 5
13 10 8
13 189 10
13 446 7
14 75 2
14 447 3
14 611 9
14 666 7
14 462 7
14 516 2
14 236 4
14 163 10
14 605 5
14 537 2
15 404 4
15 452 10
15 347 2
15 206 6
15 279 10
15 598 7
15 472 3
15 327 2
15 328 3
15 390 9
16 567 8
16 260 7
16 422 3
16 585 8
16 389 7
16 590 5
16 60 4
16 585 8
16 640 5
16 567 8
17 35 10
17 153 8
17 669 8
17 34 8
17 151 10
17 658 6
17 491 2
17 340 6
17 418 7
17 222 9
18 654 3
18 79 5
18 226 3
18 649 9
18 700 2
18 330 10
18 85 5
18 62 10
18 208 8
18 166 8
19 295 10
19 633 9
19 56 6
19 617 7
19 642 4
19 273 9
19 6 7
19 155 9
19 191 9
19 307 7
20 680 2
20 460 7
20 27 2
20 103 8
20 116 6
20 613 2
20 3 9
20 6 4
20 453 9
20 26 4
21 300 1
21 22 3
21 484 5
21 68 10
21 271 10
21 626 4
21 91 2
21 351 6
21 389 4
21 549 7
22 738 8
22 232 9
22 656 10
22 539 2
22 538 10
22 195 4
22 137 7
22 525 8
22 199 8
22 750 4
23 734 6
23 255 8
23 325 7
23 108 8
23 46 6
23 558 6
23 542 5
23 554 4
23 460 10
23 553 9
24 677 6
24 32 10
24 536 5
24 79 5
24 44 10
24 459 8
24 387 9
24 238 6
24 389 5
24 475 6
25 565 10
25 239 8
25 696 1
25 202 9
25 215 10
25 83 3
25 98 10
25 209 6
25 750 2
25 522 4
26 222 2
26 663 5
26 565 1
26 675 6
26 76 4
26 334 4
26 306 10
26 172 5
26 22 7
26 297 8
27 423 3
27 459 5
27 116 3
27 54 4
27 267 8
27 700 1
27 322 9
27 454 6
27 18 8
27 57 6
28 593 4
28 573 9
28 713 6
28 210 6
28 344 10
28 260 5
28 716 8
28 110 3
28 282 4
28 431 1
29 361 8
29 648 8
29 322 6
29 525 2
29 490 6
29 328 10
29 183 10
29 281 3
29 78 3
29 644 5
30 715 9
30 370 3
30 87 9
30 61 7
30 415 5
30 86 5
30 260 4
30 273 5
30 607 4
30 500 10
31 681 5
31 202 7
31 662 5
31 295 7
31 399 5
31 143 7
31 98 1
31 735 9
31 193 5
31 139 1
32 472 2
32 104 10
32 539 1
32 479 6
32 687 3
32 412 4
32 532 8
32 500 5
32 380 2
32 118 6
33 729 2
33 4 7
33 584 5
33 315 5
33 396 2
33 341 3
33 308 6
33 646 10
33 376 9
33 292 1
34 211 8
34 580 10
34 683 2
34 538 5
34 172 5
34 303 8
34 316 9
34 130 1
34 318 5
34 176 6
35 518 3
35 484 7
35 217 10
35 704 4
35 632 4
35 16 4
35 492 8
35 360 8
35 736 6
35 532 3
36 646 8
36 366 8
36 133 9
36 440 6
36 601 5
36 219 3
36 68 4
36 624 8
36 185 3
36 426 5
37 199 9
37 310 9
37 234 6
37 296 8
37 686 8
37 706 2
37 134 4
37 417 4
37 471 10
37 348 9
38 740 3
38 704 10
38 673 4
38 578 1
38 148 7
38 277 4
38 594 7
38 627 2
38 164 6
38 440 4
39 709 2
39 54 6
39 458 2
39 316 3
39 490 9
39 378 8
39 188 2
39 546 7
39 239 2
39 29 6
40 99 5
40 728 3
40 572 8
40 502 1
40 334 10
40 22 6
40 218 2
40 199 7
40 129 9
40 536 7
41 49 5
41 414 9
41 595 2
41 564 6
41 222 7
41 289 10
41 701 4
41 413 8
41 531 5
41 226 1
42 457 4
42 600 2
42 221 10
42 456 4
42 748 2
42 281 3
42 694 3
42 109 3
42 507 1
42 68 4
43 302 5
43 583 5
43 41 9
43 342 9
43 296 10
43 745 9
43 371 10
43 71 2
43 435 1
43 396 9
44 288 10
44 227 6
44 27 9
44 282 1
44 562 4
44 232 7
44 204 10
44 705 8
44 29 5
44 70 8
45 164 10
45 110 9
45 679 7
45 608 1
45 383 2
45 720 2
45 128 7
45 398 9
45 44 1
45 219 5
46 540 7
46 369 9
46 290 4
46 139 6
46 19 6
46 133 7
46 386 8
46 221 1
46 397 8
46 332 6
47 38 5
47 59 6
47 126 8
47 115 1
47 372 9
47 56 6
47 670 3
47 690 6
47 340 9
47 750 10
48 366 1
48 707 6
48 85 6
48 744 2
48 496 6
48 501 3
48 236 2
48 14 6
48 663 8
48 616 6
49 466 4
49 592 8
49 744 10
49 9 5
49 108 10
49 597 9
49 695 4
49 517 8
49 519 1
49 296 5
50 14 9
50 520 7
50 505 5
50 168 1
50 289 7
50 135 3
50 242 6
50 480 5
50 211 8
50 596 7
51 641 3
51 322 4
51 508 5
51 403 10
51 661 3
51 365 7
51 742 9
51 69 3
51 732 1
51 97 7
52 749 1
52 299 7
52 252 4
52 307 4
52 227 4
52 186 7
52 72 8
52 453 7
52 383 8
52 31 9
53 297 8
53 523 6
53 564 7
53 202 6
53 33 5
53 729 3
53 75 10
53 622 9
53 478 10
53 674 7
54 405 1
54 324 8
54 376 2
54 437 5
54 89 7
54 674 10
54 24 5
54 295 2
54 307 3
54 388 3
55 102 9
55 133 9
55 18 6
55 126 1
55 700 7
55 457 4
55 112 9
55 593 1
55 694 1
55 325 3
56 65 7
56 188 2
56 473 8
56 244 3
56 89 2
56 252 8
56 350 7
56 3 1
56 478 1
56 330 6
57 545 8
57 649 10
57 656 9
57 717 7
57 500 9
57 164 2
57 601 4
57 37 3
57 105 5
57 370 10
58 349 1
58 427 3
58 638 9
58 257 6
58 292 1
58 428 6
58 149 7
58 604 2
58 462 9
58 85 2
59 600 4
59 147 4
59 136 10
59 399 4
59 647 5
59 96 8
59 423 7
59 186 10
59 610 9
59 628 1
60 156 6
60 541 4
60 432 2
60 705 1
60 682 1
60 18 5
60 223 8
60 730 5
60 553 1
60 125 1
61 238 4
61 123 7
61 90 9
61 485 6
61 374 2
61 202 5
61 296 3
61 502 7
61 301 5
61 501 7
62 750 6
62 208 1
62 544 1
62 478 4
62 726 8
62 690 3
62 668 10
62 227 1
62 351 5
62 187 5
63 72 1
63 495 4
63 665 8
63 667 8
63 364 6
63 172 9
63 326 1
63 392 8
63 547 2
63 711 3
64 381 8
64 434 6
64 700 4
64 653 9
64 651 4
64 148 4
64 275 4
64 314 4
64 259 3
64 104 8
65 379 4
65 304 10
65 555 6
65 45 2
65 608 8
65 296 1
65 388 2
65 626 5
65 240 4
65 255 1
66 77 4
66 169 8
66 153 7
66 4 1
66 290 1
66 160 4
66 113 10
66 704 5
66 95 10
66 502 5
67 20 5
67 363 3
67 712 9
67 76 2
67 94 3
67 520 5
67 32 3
67 690 6
67 213 9
67 565 9
68 562 7
68 270 9
68 423 8
68 513 2
68 425 10
68 143 8
68 85 1
68 467 9
68 515 5
68 39 10
69 556 2
69 659 2
69 68 1
69 509 7
69 530 4
69 82 9
69 52 3
69 469 10
69 660 6
69 626 3
70 499 7
70 221 3
70 618 1
70 158 5
70 387 7
70 284 9
70 356 2
70 741 2
70 66 8
70 442 3
71 72 8
71 683 8
71 199 3
71 410 5
71 145 7
71 332 2
71 77 5
71 215 1
71 195 3
71 8 2
72 115 5
72 484 10
72 377 3
72 368 9
72 584 4
72 296 6
72 222 3
72 634 10
72 380 3
72 731 10
73 616 3
73 30 5
73 371 8
73 577 1
73 315 1
73 510 9
73 550 8
73 527 10
73 162 7
73 451 1
74 293 2
74 250 7
74 627 2
74 519 5
74 287 3
74 234 5
74 678 5
74 188 2
74 48 9
74 287 3
75 171 9
75 179 7
75 749 2
75 718 4
75 598 2
75 458 5
75 29 5
75 600 2
75 224 10
75 79 2
76 395 2
76 155 3
76 370 5
76 683 3
76 371 8
76 538 5
76 475 5
76 618 6
76 78 4
76 247 7
77 635 10
77 280 7
77 702 9
77 322 4
77 99 5
77 333 8
77 169 2
77 403 1
77 452 7
77 151 7
78 297 8
78 403 2
78 724 1
78 256 9
78 653 7
78 67 4
78 232 2
78 483 10
78 20 9
78 10 10
79 384 4
79 435 2
79 22 5
79 548 2
79 596 10
79 279 7
79 703 10
79 503 3
79 294 5
79 412 9
80 135 7
80 192 7
80 698 10
80 168 1
80 297 5
80 673 9
80 475 1
80 1 4
80 649 5
80 551 7
81 484 8
81 623 2
81 21 10
81 223 2
81 225 3
81 200 1
81 387 1
81 445 5
81 385 2
81 580 1
82 464 8
82 198 2
82 453 1
82 274 10
82 696 4
82 638 5
82 516 9
82 289 4
82 608 8
82 728 4
83 372 10
83 258 4
83 710 3
83 253 4
83 436 1
83 639 1
83 344 8
83 238 2
83 609 5
83 90 2
84 152 9
84 364 6
84 678 3
84 166 8
84 51 3
84 32 5
84 79 9
84 616 7
84 620 2
84 192 3
85 495 4
85 57 9
85 659 5
85 571 9
85 730 5
85 308 8
85 704 10
85 13 5
85 593 5
85 282 3
86 506 4
86 631 10
86 313 4
86 28 9
86 611 7
86 158 6
86 622 8
86 735 5
86 558 6
86 624 3
87 178 2
87 244 5
87 37 3
87 359 5
87 225 6
87 714 7
87 4 7
87 683 9
87 666 9
87 382 4
88 670 7
88 565 2
88 238 10
88 502 8
88 529 7
88 449 6
88 368 7
88 176 9
88 635 7
88 79 5
89 721 6
89 549 4
89 213 10
89 654 7
89 336 6
89 734 3
89 489 2
89 413 10
89 468 4
89 634 6
90 74 3
90 356 1
90 210 8
90 279 8
90 399 6
90 31 1
90 357 7
90 103 2
90 600 5
90 270 3
91 729 8
91 528 3
91 124 7
91 298 4
91 404 7
91 186 6
91 513 7
91 466 2
91 233 7
91 371 1
92 664 3
92 529 9
92 363 10
92 10 10
92 740 10
92 717 6
92 361 6
92 473 1
92 238 1
92 432 8
93 51 8
93 325 2
93 261 7
93 45 8
93 686 2
93 533 4
93 546 5
93 636 8
93 45 8
93 335 8
94 582 6
94 248 5
94 409 9
94 102 2
94 369 1
94 318 3
94 215 8
94 583 2
94 568 8
94 715 1
95 741 8
95 258 4
95 329 8
95 217 7
95 491 2
95 352 6
95 415 10
95 203 5
95 41 6
95 463 2
96 539 7
96 93 5
96 382 2
96 726 2
96 54 6
96 347 3
96 540 8
96 248 3
96 72 10
96 365 1
97 615 10
97 117 6
97 166 7
97 750 1
97 732 8
97 522 5
97 745 2
97 677 6
97 377 5
97 80 9
98 640 6
98 614 8
98 335 4
98 725 2
98 685 9
98 587 3
98 231 5
98 627 3
98 600 4
98 666 5
99 41 4
99 598 7
99 57 2
99 8 3
99 525 6
99 733 5
99 171 5
99 494 5
99 397 1
99 650 10
100 603 3
100 287 8
100 453 8
100 35 1
100 629 2
100 123 5
100 368 8
100 173 5
100 714 6
100 345 4
101 517 2
101 546 4
101 573 9
101 192 9
101 233 2
101 343 1
101 665 1
101 316 3
101 676 6
101 689 3
102 6 4
102 321 2
102 514 7
102 116 4
102 732 5
102 529 5
102 196 6
102 155 6
102 114 10
102 93 2
103 607 10
103 100 8
103 121 10
103 572 10
103 72 10
103 162 3
103 740 1
103 661 6
103 262 4
103 52 6
104 559 3
104 229 4
104 547 5
104 443 8
104 604 2
104 529 10
104 311 3
104 345 1
104 670 7
104 464 1
105 662 3
105 278 5
105 477 4
105 708 9
105 363 1
105 144 4
105 131 6
105 500 1
105 659 9
105 38 8
106 423 3
106 251 7
106 525 9
106 519 2
106 742 9
106 279 9
106 474 5
106 343 2
106 206 7
106 132 9
107 616 5
107 203 4
107 717 6
107 343 8
107 534 3
107 323 9
107 660 9
107 61 4
107 701 9
107 203 4
108 403 9
108 385 4
108 384 9
108 511 1
108 527 6
108 479 4
108 213 2
108 248 5
108 223 7
108 672 2
109 100 5
109 220 10
109 140 8
109 59 4
109 660 8
109 741 4
109 80 8
109 375 7
109 616 7
109 725 8
110 592 9
110 550 10
110 456 3
110 157 3
110 205 7
110 667 5
110 154 1
110 509 3
110 338 1
110 83 8
111 655 4
111 709 2
111 220 5
111 115 3
111 208 8
111 735 5
111 396 3
111 449 1
111 694 6
111 266 6
112 470 9
112 534 10
112 543 8
112 264 9
112 457 8
112 35 8
112 128 10
112 281 7
112 226 5
112 653 8
113 94 2
113 524 9
113 697 2
113 15 7
113 110 6
113 407 7
113 83 5
113 565 1
113 371 4
113 250 7
114 278 1
114 251 4
114 260 1
114 301 2
114 550 4
114 504 3
114 334 2
114 606 9
114 326 1
114 681 10
115 473 10
115 61 2
115 190 8
115 475 8
115 525 8
115 96 9
115 450 10
115 254 4
115 222 6
115 713 1
116 378 10
116 196 7
116 57 5
116 693 5
116 214 6
116 333 2
116 406 10
116 337 10
116 301 5
116 678 2
117 149 9
117 379 1
117 471 7
117 534 1
117 426 1
117 346 1
117 228 3
117 262 4
117 317 6
117 455 2
118 672 9
118 219 6
118 106 8
118 250 10
118 391 9
118 680 6
118 551 4
118 578 10
118 705 7
118 451 4
119 638 2
119 370 4
119 601 10
119 516 5
119 720 4
119 748 10
119 133 10
119 544 4
119 140 6
119 480 8
120 106 1
120 258 9
120 212 2
120 221 7
120 308 8
120 514 2
120 422 5
120 555 7
120 225 9
120 220 1
121 337 9
121 656 3
121 191 2
121 121 3
121 133 7
121 350 9
121 703 4
121 677 2
121 649 5
121 727 6
122 126 9
122 577 8
122 573 5
122 595 3
122 622 2
122 183 6
122 652 6
122 719 2
122 19 8
122 566 5
123 392 2
123 347 7
123 373 2
123 536 1
123 652 7
123 51 9
123 53 8
123 168 10
123 9 10
123 420 3
124 42 6
124 369 10
124 233 10
124 706 2
124 532 2
124 308 7
124 693 8
124 122 4
124 401 5
124 405 4
125 201 1
125 651 9
125 252 1
125 62 4
125 636 10
125 699 6
125 22 2
125 314 2
125 112 2
125 437 4
126 500 2
126 150 8
126 482 8
126 93 1
126 677 9
126 168 4
126 244 10
126 492 3
126 732 5
126 612 9
127 226 2
127 548 3
127 100 4
127 333 7
127 715 6
127 306 3
127 617 10
127 650 9
127 102 5
127 706 9
128 250 5
128 176 10
128 471 7
128 53 5
128 611 3
128 4 5
128 594 1
128 339 7
128 379 6
128 478 7
129 145 6
129 93 7
129 191 9
129 81 9
129 124 8
129 322 3
129 633 5
129 743 6
129 614 5
129 217 5
130 667 6
130 20 8
130 280 10
130 472 3
130 80 4
130 391 9
130 350 1
130 481 8
130 733 1
130 400 8
131 394 3
131 171 5
131 709 3
131 47 1
131 371 7
131 623 5
131 380 1
131 719 5
131 168 9
131 128 9
132 68 3
132 378 6
132 666 2
132 392 10
132 451 4
132 303 7
132 528 10
132 77 7
132 221 2
132 52 5
133 620 4
133 750 10
133 42 4
133 722 9
133 600 7
133 470 3
133 202 6
133 88 10
133 671 1
133 212 4
134 711 2
134 269 8
134 47 8
134 367 3
134 463 4
134 548 2
134 128 8
134 439 6
134 90 9
134 573 10
135 556 3
135 431 3
135 535 5
135 511 3
135 277 9
135 604 7
135 275 7
135 269 2
135 510 10
135 468 3
136 521 6
136 186 9
136 38 6
136 61 6
136 435 4
136 519 10
136 187 6
136 487 4
136 546 9
136 6 1
137 41 7
137 348 7
137 302 7
137 600 9
137 617 1
137 638 6
137 148 1
137 618 3
137 655 5
137 177 4
138 9 4
138 677 8
138 139 8
138 299 9
138 263 8
138 368 3
138 235 9
138 47 6
138 637 5
138 543 6
139 288 4
139 387 2
139 681 1
139 68 1
139 388 9
139 115 1
139 483 6
139 670 7
139 111 1
139 497 4
140 226 6
140 31 9
140 739 10
140 471 4
140 505 7
140 255 2
140 479 1
140 586 1
140 589 4
140 484 2
141 253 8
141 360 6
141 502 10
141 294 4
141 410 5
141 259 10
141 502 10
141 175 3
141 583 5
141 731 4
142 108 2
142 542 8
142 278 2
142 55 9
142 390 6
142 40 7
142 353 5
142 675 3
142 17 6
142 708 8
143 40 1
143 316 1
143 668 4
143 566 4
143 450 10
143 36 2
143 625 10
143 544 2
143 134 1
143 697 6
144 543 3
144 317 4
144 52 3
144 659 8
144 317 4
144 264 4
144 18 10
144 330 10
144 448 8
144 443 10
145 216 3
145 582 6
145 373 8
145 190 9
145 71 4
145 324 5
145 352 8
145 665 4
145 613 6
145 385 9
146 410 7
146 745 7
146 244 6
146 558 4
146 41 7
146 364 6
146 566 7
146 110 10
146 682 9
146 143 10
147 189 3
147 452 3
147 288 1
147 306 6
147 384 5
147 606 9
147 91 4
147 479 9
147 706 6
147 607 9
148 296 9
148 492 8
148 415 1
148 417 6
148 8 6
148 214 4
148 438 5
148 89 8
148 49 7
148 438 5
149 544 3
149 747 9
149 46 10
149 200 5
149 664 1
149 228 10
149 73 5
149 454 6
149 424 3
149 182 3
150 57 4
150 179 6
150 341 3
150 75 9
150 219 2
150 244 4
150 531 10
150 188 8
150 464 5
150 48 4
151 44 4
151 673 5
151 284 1
151 379 10
151 330 7
151 580 10
151 741 2
151 649 5
151 423 8
151 520 8
152 406 8
152 248 9
152 112 6
152 262 7
152 147 10
152 277 3
152 64 7
152 360 7
152 589 4
152 148 8
153 262 8
153 209 5
153 184 2
153 410 8
153 535 6
153 380 8
153 439 8
153 159 2
153 229 9
153 613 2
154 275 5
154 725 9
154 658 5
154 470 8
154 404 8
154 143 4
154 388 7
154 440 6
154 445 1
154 404 8
155 411 8
155 136 3
155 202 7
155 750 2
155 553 8
155 154 3
155 537 5
155 468 10
155 356 2
155 149 8
156 66 1
156 104 1
156 548 1
156 321 5
156 607 4
156 235 2
156 486 4
156 562 4
156 410 2
156 614 8
157 593 6
157 237 3
157 686 9
157 154 8
157 642 2
157 140 10
157 460 5
157 638 5
157 5 7
157 589 9
158 585 7
158 509 6
158 139 10
158 304 4
158 12 4
158 115 2
158 739 4
158 606 7
158 575 4
158 91 10
159 39 2
159 630 4
159 402 4
159 520 8
159 595 9
159 645 4
159 374 3
159 544 2
159 750 10
159 205 4
160 239 8
160 683 1
160 189 1
160 358 6
160 439 2
160 628 1
160 343 4
160 213 6
160 467 10
160 24 8
161 43 1
161 20 6
161 283 10
161 206 8
161 99 6
161 164 4
161 445 6
161 430 2
161 471 9
161 262 6
162 37 9
162 230 8
162 555 5
162 301 3
162 662 2
162 118 10
162 135 1
162 582 2
162 119 1
162 568 4
163 219 3
163 510 9
163 659 4
163 148 1
163 18 3
163 459 4
163 320 2
163 407 3
163 142 7
163 581 3
164 173 7
164 469 6
164 348 7
164 390 8
164 330 4
164 659 9
164 91 7
164 3 8
164 509 1
164 160 4
165 680 10
165 244 10
165 591 3
165 538 9
165 633 10
165 360 2
165 701 10
165 582 9
165 174 6
165 34 7
166 511 4
166 189 5
166 290 8
166 427 5
166 324 1
166 729 5
166 282 5
166 235 6
166 276 8
166 180 5
167 363 1
167 241 8
167 40 9
167 24 10
167 157 8
167 358 3
167 139 9
167 26 4
167 5 4
167 463 10
168 313 1
168 745 8
168 633 7
168 617 4
168 484 3
168 553 2
168 575 5
168 89 6
168 93 3
168 693 1
169 83 4
169 2 9
169 697 2
169 664 7
169 408 6
169 419 8
169 33 1
169 606 10
169 304 9
169 177 6
170 262 1
170 509 3
170 371 8
170 110 2
170 601 2
170 8 4
170 10 1
170 477 10
170 193 4
170 394 10
171 407 3
171 224 2
171 475 5
171 124 1
171 398 10
171 44 4
171 289 1
171 90 8
171 174 9
171 199 7
172 68 8
172 423 10
172 300 6
172 132 10
172 184 3
172 355 1
172 206 3
172 488 1
172 394 1
172 306 6
173 636 1
173 568 7
173 412 8
173 632 2
173 317 5
173 661 2
173 61 4
173 372 4
173 7 6
173 344 6
174 295 9
174 412 2
174 624 9
174 406 3
174 245 3
174 580 9
174 699 9
174 215 10
174 423 7
174 211 6
175 108 9
175 563 8
175 123 8
175 523 3
175 677 1
175 62 1
175 454 1
175 611 1
175 442 3
175 655 2
176 41 8
176 487 9
176 95 6
176 142 8
176 298 1
176 724 2
176 241 5
176 54 10
176 117 5
176 657 1
177 453 9
177 648 7
177 238 9
177 704 6
177 702 7
177 463 8
177 618 10
177 221 4
177 374 6
177 118 1
178 261 5
178 414 9
178 687 8
178 80 2
178 737 4
178 399 6
178 237 3
178 737 4
178 374 1
178 84 9
179 500 2
179 151 8
179 223 8
179 403 5
179 411 7
179 128 9
179 310 4
179 676 2
179 639 5
179 384 6
180 630 6
180 590 8
180 566 5
180 665 3
180 726 9
180 441 10
180 608 7
180 177 3
180 391 8
180 414 3
181 542 7
181 75 2
181 213 4
181 564 7
181 546 10
181 248 8
181 125 1
181 365 1
181 43 9
181 255 1
182 230 9
182 129 10
182 427 5
182 31 5
182 409 9
182 258 7
182 101 4
182 305 4
182 614 5
182 512 8
183 416 7
183 461 4
183 86 8
183 398 6
183 141 10
183 498 9
183 687 5
183 367 6
183 479 1
183 616 8
184 49 9
184 450 7
184 195 4
184 251 3
184 302 3
184 13 3
184 223 2
184 284 5
184 706 10
184 496 3
185 620 4
185 279 8
185 698 3
185 98 4
185 745 4
185 381 1
185 109 10
185 699 3
185 571 1
185 72 6
186 147 8
186 313 7
186 76 5
186 582 1
186 550 1
186 12 8
186 88 3
186 462 7
186 323 6
186 584 7
187 484 4
187 153 9
187 161 1
187 187 4
187 652 4
187 748 9
187 696 7
187 140 4
187 421 10
187 457 1
188 83 6
188 286 3
188 702 5
188 450 4
188 561 4
188 698 2
188 658 5
188 42 7
188 583 8
188 314 6
189 197 4
189 593 2
189 295 10
189 244 2
189 334 2
189 395 10
189 376 4
189 498 5
189 125 6
189 438 9
190 420 8
190 607 5
190 297 4
190 234 1
190 550 10
190 303 5
190 494 8
190 524 8
190 186 10
190 370 4
191 553 5
191 506 1
191 272 1
191 299 7
191 393 8
191 617 9
191 679 2
191 732 1
191 648 10
191 430 2
192 737 6
192 26 7
192 115 5
192 84 10
192 151 6
192 622 7
192 566 4
192 412 2
192 41 10
192 234 2
193 653 10
193 696 1
193 222 8
193 544 3
193 79 7
193 720 5
193 560 5
193 403 8
193 567 1
193 371 3
194 72 7
194 575 6
194 381 10
194 230 8
194 541 10
194 314 6
194 602 3
194 514 2
194 66 8
194 554 3
195 404 3
195 616 10
195 89 3
195 403 10
195 147 6
195 519 5
195 254 3
195 4 8
195 242 9
195 506 1
196 338 4
196 597 4
196 100 8
196 275 1
196 555 8
196 478 2
196 470 6
196 131 1
196 384 8
196 424 4
197 485 9
197 436 1
197 103 10
197 538 8
197 665 10
197 538 8
197 670 9
197 721 6
197 561 4
197 747 8
198 690 1
198 721 4
198 20 3
198 185 4
198 444 9
198 538 9
198 224 9
198 467 6
198 340 2
198 23 6
199 212 5
199 521 3
199 27 9
199 543 10
199 120 1
199 105 1
199 465 5
199 45 8
199 312 2
199 613 5
200 733 6
200 636 3
200 470 7
200 620 6
200 503 1
200 26 3
200 557 10
200 274 7
200 395 4
200 308 4
201 41 2
201 67 8
201 654 1
201 487 7
201 440 6
201 249 3
201 674 10
201 35 6
201 441 8
201 620 7
202 501 6
202 748 5
202 521 7
202 310 7
202 411 10
202 498 5
202 60 10
202 464 4
202 35 7
202 452 2
203 505 2
203 425 9
203 621 9
203 683 2
203 318 3
203 518 7
203 8 3
203 477 1
203 722 4
203 74 9
204 480 8
204 46 2
204 321 3
204 71 8
204 718 2
204 614 5
204 738 10
204 565 2
204 159 4
204 346 2
205 282 4
205 609 9
205 675 10
205 613 2
205 329 6
205 545 1
205 689 1
205 510 4
205 538 7
205 720 7
206 18 7
206 505 2
206 529 1
206 528 1
206 165 2
206 47 1
206 403 4
206 668 7
206 196 3
206 334 10
207 447 3
207 715 7
207 467 9
207 83 10
207 592 7
207 284 7
207 343 8
207 73 10
207 117 2
207 249 6
208 578 5
208 724 5
208 522 8
208 306 4
208 738 10
208 151 2
208 565 5
208 84 3
208 64 7
208 59 9
209 556 2
209 241 2
209 363 5
209 163 5
209 689 1
209 706 1
209 251 6
209 275 1
209 469 9
209 747 10
210 496 7
210 235 2
210 109 7
210 5 10
210 724 6
210 585 5
210 204 4
210 735 1
210 258 1
210 311 1
211 324 5
211 104 9
211 159 8
211 708 4
211 84 8
211 346 9
211 33 1
211 367 9
211 325 8
211 615 7
212 670 8
212 515 6
212 730 8
212 228 8
212 44 6
212 168 8
212 708 3
212 221 1
212 534 6
212 311 2
213 545 2
213 534 3
213 448 6
213 486 7
213 485 2
213 292 10
213 420 2
213 729 8
213 416 6
213 36 9
214 179 8
214 152 2
214 53 9
214 331 6
214 700 3
214 193 3
214 184 1
214 251 2
214 13 6
214 636 7
215 275 8
215 179 1
215 713 7
215 386 2
215 188 2
215 97 4
215 388 3
215 57 7
215 80 4
215 66 7
216 26 9
216 528 7
216 338 5
216 291 4
216 353 1
216 703 10
216 314 9
216 134 2
216 36 9
216 450 9
217 740 4
217 383 8
217 508 6
217 176 2
217 188 5
217 189 8
217 283 9
217 552 1
217 196 5
217 744 10
218 638 1
218 51 7
218 264 7
218 633 5
218 543 4
218 53 3
218 90 7
218 223 8
218 574 1
218 129 10
219 607 10
219 612 9
219 109 7
219 110 7
219 698 8
219 725 6
219 673 9
219 615 8
219 407 7
219 485 7
220 169 3
220 72 7
220 80 3
220 542 10
220 153 9
220 453 1
220 60 5
220 534 2
220 401 10
220 709 8
221 733 7
221 30 9
221 735 2
221 671 8
221 150 4
221 284 3
221 34 2
221 111 2
221 125 8
221 243 7
222 413 2
222 730 2
222 689 1
222 289 8
222 313 2
222 4 8
222 405 9
222 443 9
222 648 4
222 342 7
223 601 5
223 425 5
223 388 7
223 706 6
223 715 4
223 651 1
223 143 3
223 233 1
223 126 5
223 426 5
224 652 10
224 299 9
224 110 3
224 581 5
224 335 8
224 201 1
224 173 4
224 66 8
224 264 5
224 631 1
225 661 9
225 143 4
225 241 10
225 227 8
225 401 5
225 490 3
225 405 5
225 279 1
225 320 2
225 594 2
226 63 9
226 635 3
226 441 5
226 84 6
226 61 3
226 616 5
226 492 4
226 441 5
226 701 10
226 446 3
227 113 4
227 8 1
227 552 4
227 405 1
227 532 1
227 43 7
227 252 6
227 311 2
227 557 3
227 624 3
228 184 1
228 266 5
228 687 4
228 527 3
228 57 5
228 648 1
228 698 2
228 380 1
228 252 5
228 344 10
229 618 10
229 259 9
229 603 5
229 144 1
229 112 6
229 629 9
229 69 7
229 606 7
229 400 3
229 638 9
230 1 3
230 198 8
230 113 3
230 600 4
230 45 8
230 621 1
230 461 2
230 41 5
230 15 5
230 304 1
231 113 5
231 381 3
231 146 7
231 638 1
231 475 8
231 226 7
231 173 6
231 351 4
231 264 1
231 647 10
232 14 4
232 590 10
232 742 2
232 72 6
232 652 9
232 165 2
232 261 8
232 168 2
232 219 2
232 359 7
233 162 4
233 79 3
233 165 3
233 701 7
233 520 2
233 446 1
233 168 10
233 87 10
233 333 8
233 188 6
234 722 5
234 658 9
234 642 3
234 559 10
234 505 3
234 705 1
234 414 1
234 397 8
234 684 2
234 485 8
235 22 3
235 600 8
235 629 4
235 92 4
235 343 6
235 488 9
235 633 2
235 264 10
235 190 10
235 443 9
236 138 6
236 25 6
236 534 1
236 139 1
236 632 4
236 221 7
236 241 2
236 647 6
236 151 8
236 17 7
237 236 5
237 161 2
237 517 6
237 174 8
237 305 9
237 430 7
237 325 10
237 252 5
237 566 4
237 394 6
238 372 9
238 687 6
238 251 8
238 316 5
238 331 9
238 724 3
238 665 7
238 551 5
238 174 4
238 665 7
239 632 8
239 434 1
239 303 8
239 121 3
239 618 2
239 581 3
239 124 6
239 574 4
239 253 8
239 434 1
240 556 7
240 202 9
240 97 10
240 673 8
240 487 7
240 30 6
240 286 3
240 79 7
240 200 10
240 41 3
241 310 3
241 127 5
241 54 10
241 229 3
241 158 3
241 252 2
241 348 5
241 713 9
241 223 1
241 267 10
242 60 8
242 25 8
242 729 7
242 570 9
242 656 6
242 309 1
242 100 2
242 433 10
242 524 4
242 248 10
243 124 7
243 169 8
243 7 4
243 339 5
243 262 2
243 234 8
243 493 8
243 275 1
243 553 6
243 230 8
244 404 6
244 156 10
244 140 2
244 519 9
244 716 5
244 683 6
244 372 6
244 503 1
244 110 3
244 77 3
245 165 4
245 179 6
245 243 9
245 242 1
245 662 4
245 299 10
245 539 2
245 239 10
245 132 2
245 15 8
246 31 7
246 540 8
246 178 7
246 482 10
246 134 8
246 217 10
246 213 8
246 4 2
246 488 5
246 99 7
247 232 7
247 197 2
247 558 1
247 611 8
247 151 3
247 64 9
247 103 9
247 301 1
247 311 9
247 714 4
248 492 6
248 255 6
248 686 9
248 689 8
248 179 4
248 348 5
248 555 3
248 680 9
248 517 2
248 636 5
249 71 4
249 75 10
249 18 1
249 12 8
249 732 4
249 73 3
249 606 5
249 345 2
249 460 1
249 13 1
250 377 6
250 134 2
250 235 10
250 249 9
250 351 7
250 24 3
250 112 2
250 291 5
250 114 9
250 328 4
251 466 8
251 496 4
251 512 2
251 458 8
251 233 5
251 423 5
251 370 4
251 223 2
251 159 10
251 491 8
252 250 5
252 525 8
252 31 4
252 278 3
252 421 9
252 612 6
252 540 8
252 680 1
252 187 6
252 252 4
253 236 10
253 240 8
253 622 5
253 438 8
253 324 1
253 294 5
253 630 2
253 145 9
253 609 10
253 84 6
254 272 7
254 112 9
254 138 8
254 127 2
254 674 1
254 184 5
254 144 7
254 562 8
254 633 3
254 400 8
255 39 6
255 521 3
255 696 7
255 432 3
255 583 5
255 205 9
255 294 1
255 173 1
255 246 1
255 664 5
256 378 8
256 447 9
256 273 9
256 139 2
256 586 4
256 534 6
256 579 3
256 677 3
256 628 5
256 685 1
257 442 7
257 402 6
257 422 1
257 71 2
257 463 4
257 67 8
257 601 2
257 655 6
257 277 7
257 101 6
258 400 6
258 622 1
258 577 8
258 604 9
258 134 5
258 733 2
258 475 2
258 462 8
258 2 10
258 510 7
259 429 6
259 226 6
259 693 6
259 450 6
259 272 6
259 586 1
259 67 8
259 281 4
259 479 2
259 541 6
260 658 2
260 126 3
260 581 10
260 339 2
260 165 1
260 194 2
260 558 7
260 267 3
260 290 1
260 357 1
261 463 8
261 340 4
261 235 5
261 267 1
261 557 1
261 22 6
261 418 4
261 521 9
261 353 2
261 327 8
262 152 7
262 432 10
262 523 7
262 91 7
262 1 1
262 70 3
262 704 5
262 742 9
262 443 6
262 743 8
263 600 2
263 75 10
263 511 7
263 355 2
263 437 3
263 291 6
263 426 2
263 162 6
263 212 4
263 254 9
264 449 10
264 566 9
264 142 2
264 340 4
264 747 4
264 346 5
264 599 7
264 597 6
264 482 1
264 77 2
265 454 3
265 69 3
265 61 6
265 585 5
265 525 4
265 136 4
265 341 5
265 420 7
265 126 3
265 302 10
266 119 9
266 359 1
266 600 9
266 198 1
266 142 10
266 583 3
266 169 2
266 453 4
266 69 10
266 108 1
267 400 3
267 130 6
267 232 1
267 745 7
267 421 9
267 122 10
267 361 4
267 482 9
267 353 10
267 460 7
268 188 4
268 472 4
268 522 8
268 484 1
268 150 9
268 525 6
268 696 6
268 203 7
268 18 2
268 228 2
269 629 8
269 65 10
269 581 8
269 687 7
269 120 2
269 29 2
269 452 3
269 35 5
269 72 6
269 306 5
270 570 3
270 627 3
270 610 4
270 615 9
270 204 1
270 273 2
270 141 10
270 543 10
270 329 4
270 664 3
271 416 1
271 518 1
271 668 3
271 224 4
271 386 6
271 749 10
271 244 6
271 670 9
271 80 3
271 266 4
272 310 7
272 231 2
272 103 2
272 49 7
272 253 6
272 149 1
272 513 8
272 683 8
272 480 1
272 26 6
273 333 1
273 555 7
273 713 5
273 220 2
273 628 1
273 737 5
273 604 5
273 152 8
273 731 5
273 219 9
274 420 6
274 12 5
274 411 9
274 323 8
274 360 9
274 193 6
274 6 6
274 650 3
274 213 5
274 296 7
275 413 3
275 87 4
275 195 9
275 373 7
275 696 1
275 587 9
275 114 5
275 195 9
275 285 6
275 225 10
276 132 4
276 220 9
276 659 8
276 523 8
276 477 1
276 51 6
276 385 9
276 680 5
276 409 1
276 179 1
277 199 7
277 585 4
277 270 2
277 250 1
277 705 4
277 341 7
277 441 2
277 747 9
277 594 1
277 707 4
278 8 3
278 171 2
278 480 3
278 33 3
278 510 3
278 146 3
278 488 10
278 659 4
278 354 6
278 179 2
279 606 8
279 483 7
279 320 7
279 615 9
279 328 9
279 431 2
279 64 8
279 729 7
279 230 4
279 138 5
280 657 10
280 295 5
280 205 4
280 551 10
280 304 7
280 512 4
280 360 1
280 318 3
280 340 10
280 273 7
281 744 3
281 516 8
281 407 5
281 593 1
281 198 4
281 454 1
281 248 3
281 298 6
281 442 3
281 281 3
282 181 6
282 319 1
282 704 7
282 502 2
282 317 10
282 78 6
282 77 5
282 392 4
282 123 7
282 361 8
283 179 2
283 458 5
283 417 6
283 336 3
283 62 10
283 443 6
283 1 10
283 570 2
283 310 5
283 67 7
284 507 4
284 96 9
284 70 5
284 83 5
284 666 2
284 178 8
284 638 7
284 228 10
284 488 10
284 478 9
285 472 2
285 650 3
285 471 10
285 655 6
285 434 3
285 200 3
285 28 6
285 688 10
285 77 3
285 317 10
286 358 9
286 165 3
286 287 10
286 657 3
286 564 9
286 352 10
286 211 9
286 256 3
286 168 6
286 296 5
287 87 3
287 204 3
287 407 2
287 563 5
287 570 1
287 653 6
287 137 2
287 408 9
287 159 7
287 344 9
288 243 10
288 636 9
288 268 7
288 270 6
288 649 8
288 247 4
288 77 3
288 324 6
288 189 9
288 717 5
289 627 6
289 561 7
289 119 2
289 535 9
289 484 2
289 606 4
289 461 3
289 287 5
289 204 1
289 431 2
290 538 5
290 572 10
290 225 9
290 415 2
290 108 10
290 97 3
290 393 2
290 230 7
290 232 1
290 492 4
291 336 7
291 129 7
291 570 4
291 65 1
291 643 7
291 33 10
291 475 5
291 619 3
291 397 4
291 200 3
292 521 8
292 247 3
292 527 9
292 641 3
292 591 8
292 56 10
292 576 9
292 627 9
292 52 10
292 363 3
293 337 7
293 159 8
293 706 10
293 59 5
293 17 7
293 43 6
293 338 4
293 715 3
293 48 9
293 189 2
294 660 9
294 151 6
294 108 5
294 387 6
294 258 8
294 143 6
294 678 6
294 475 7
294 578 4
294 301 5
295 119 9
295 524 3
295 560 8
295 620 4
295 326 1
295 545 8
295 27 1
295 547 5
295 181 6
295 190 5
296 678 6
296 26 5
296 223 1
296 267 3
296 692 10
296 400 5
296 350 9
296 228 6
296 187 7
296 684 3
297 230 5
297 95 9
297 727 3
297 542 3
297 139 10
297 743 5
297 12 8
297 373 8
297 748 1
297 550 1
298 535 7
298 327 3
298 234 10
298 744 1
298 601 1
298 702 10
298 355 4
298 160 8
298 104 10
298 392 7
299 207 2
299 619 5
299 429 2
299 580 6
299 649 9
299 346 2
299 735 7
299 300 2
299 630 1
299 313 3
300 104 1
300 61 9
300 340 1
300 19 7
300 169 5
300 315 2
300 63 3
300 539 9
300 711 9
300 137 6
301 261 10
301 220 8
301 388 10
301 292 7
301 136 10
301 702 10
301 705 2
301 25 3
301 616 3
301 160 9
302 505 5
302 110 10
302 403 10
302 29 8
302 148 7
302 172 7
302 478 1
302 64 9
302 535 10
302 44 1
303 457 8
303 169 9
303 131 6
303 494 7
303 315 8
303 514 8
303 78 10
303 266 9
303 559 1
303 46 3
304 125 5
304 97 10
304 389 8
304 569 1
304 506 1
304 471 3
304 550 4
304 453 1
304 448 9
304 334 1
305 95 3
305 686 5
305 6 10
305 203 3
305 260 7
305 365 10
305 399 8
305 438 2
305 425 1
305 9 7
306 52 3
306 323 3
306 410 5
306 671 6
306 663 2
306 369 7
306 106 7
306 162 9
306 629 10
306 606 10
307 16 3
307 288 10
307 34 8
307 216 10
307 601 6
307 377 1
307 337 3
307 500 5
307 199 6
307 607 1
308 324 1
308 416 2
308 650 3
308 320 7
308 426 9
308 465 3
308 224 1
308 43 5
308 148 3
308 452 6
309 375 10
309 312 9
309 745 1
309 29 2
309 432 5
309 575 5
309 595 1
309 599 9
309 299 1
309 626 8
310 329 9
310 40 1
310 152 9
310 581 3
310 108 10
310 142 10
310 92 5
310 558 8
310 33 5
310 234 8
311 185 3
311 253 3
311 211 4
311 42 9
311 100 9
311 631 3
311 543 5
311 101 7
311 164 6
311 486 8
312 720 3
312 38 6
312 692 8
312 195 10
312 441 6
312 188 2
312 282 6
312 408 3
312 464 3
312 182 10
313 435 10
313 46 7
313 636 8
313 201 6
313 177 8
313 393 9
313 306 7
313 29 5
313 115 8
313 534 10
314 225 10
314 393 4
314 545 8
314 159 1
314 656 7
314 61 2
314 499 2
314 442 8
314 453 10
314 4 8
315 333 9
315 90 10
315 567 5
315 129 10
315 229 8
315 449 2
315 576 2
315 476 3
315 750 9
315 629 5
316 547 5
316 401 8
316 533 10
316 10 2
316 81 9
316 578 7
316 189 5
316 47 5
316 623 3
316 432 7
317 12 4
317 122 10
317 623 2
317 360 9
317 85 9
317 185 7
317 460 10
317 509 4
317 213 4
317 399 3
318 125 7
318 299 5
318 235 10
318 423 6
318 51 6
318 672 4
318 462 2
318 427 1
318 149 5
318 39 8
319 163 4
319 289 2
319 104 5
319 418 5
319 394 7
319 442 4
319 403 5
319 627 7
319 528 6
319 517 4
320 318 5
320 546 4
320 459 3
320 55 9
320 470 6
320 697 3
320 103 3
320 183 1
320 103 3
320 153 2
321 421 7
321 379 7
321 685 4
321 472 3
321 737 9
321 61 9
321 368 2
321 534 6
321 550 5
321 532 6
322 69 10
322 626 8
322 431 2
322 80 5
322 487 2
322 73 6
322 475 4
322 654 9
322 15 10
322 627 2
323 319 1
323 211 1
323 627 10
323 358 5
323 681 9
323 600 10
323 702 9
323 122 10
323 620 2
323 65 5
324 420 7
324 672 3
324 481 10
324 85 5
324 100 7
324 368 9
324 360 8
324 278 1
324 126 2
324 511 2
325 643 1
325 417 9
325 554 3
325 554 3
325 167 9
325 151 9
325 650 5
325 503 6
325 637 7
325 683 2
326 296 1
326 748 4
326 430 7
326 200 1
326 368 10
326 267 10
326 279 2
326 620 4
326 414 8
326 505 6
327 378 10
327 520 5
327 92 2
327 125 3
327 403 8
327 320 10
327 471 9
327 477 2
327 548 5
327 82 4
328 206 10
328 475 7
328 331 10
328 674 5
328 571 2
328 444 10
328 519 3
328 714 9
328 124 1
328 10 9
329 705 8
329 452 4
329 226 8
329 90 7
329 260 1
329 268 2
329 548 3
329 222 1
329 406 2
329 325 1
330 457 3
330 577 6
330 352 4
330 142 7
330 269 1
330 654 5
330 305 5
330 320 7
330 640 8
330 91 4
331 644 8
331 15 1
331 681 3
331 189 5
331 718 6
331 333 8
331 249 5
331 352 7
331 342 3
331 496 3
332 407 6
332 327 8
332 66 4
332 242 5
332 261 6
332 232 7
332 188 9
332 65 4
332 694 3
332 309 10
333 176 8
333 516 3
333 657 10
333 203 8
333 214 10
333 721 6
333 545 6
333 95 4
333 590 5
333 423 5
334 454 5
334 431 2
334 670 10
334 423 1
334 61 10
334 683 3
334 138 4
334 252 7
334 189 9
334 747 3
335 456 1
335 66 2
335 298 5
335 206 2
335 394 5
335 151 6
335 641 9
335 200 4
335 738 5
335 671 4
336 275 6
336 659 1
336 294 10
336 591 6
336 366 7
336 721 5
336 158 6
336 599 9
336 365 2
336 502 6
337 410 2
337 161 1
337 90 2
337 542 2
337 422 3
337 352 5
337 428 1
337 695 5
337 65 8
337 699 6
338 187 5
338 721 1
338 80 9
338 688 10
338 270 4
338 285 6
338 750 1
338 741 6
338 446 6
338 179 10
339 12 7
339 279 6
339 283 1
339 162 8
339 519 1
339 46 7
339 573 3
339 730 2
339 667 10
339 50 9
340 730 9
340 452 5
340 70 5
340 479 4
340 96 3
340 523 10
340 512 3
340 726 5
340 578 1
340 404 5
341 669 10
341 15 1
341 567 5
341 157 3
341 549 7
341 360 1
341 605 2
341 523 8
341 520 8
341 399 6
342 430 3
342 276 5
342 369 10
342 319 2
342 217 7
342 311 2
342 518 10
342 276 5
342 103 8
342 443 2
343 253 3
343 27 1
343 684 7
343 424 4
343 453 7
343 503 2
343 617 6
343 459 3
343 390 6
343 400 3
344 598 4
344 275 9
344 358 2
344 79 6
344 233 5
344 81 5
344 340 3
344 308 8
344 303 1
344 614 5
345 208 7
345 78 6
345 180 7
345 324 3
345 225 8
345 413 4
345 113 9
345 688 4
345 697 7
345 653 10
346 90 8
346 624 8
346 90 8
346 629 4
346 393 10
346 627 9
346 119 3
346 315 10
346 97 1
346 35 5
347 435 2
347 541 3
347 721 5
347 213 7
347 523 7
347 129 8
347 459 7
347 27 10
347 577 10
347 568 9
348 19 6
348 251 1
348 252 8
348 367 2
348 308 7
348 132 10
348 51 1
348 204 2
348 329 6
348 17 4
349 484 2
349 641 1
349 143 2
349 703 4
349 694 5
349 390 8
349 428 9
349 145 3
349 742 10
349 607 4
350 720 9
350 513 7
350 397 6
350 723 4
350 603 1
350 476 5
350 600 4
350 583 2
350 288 3
350 732 7
351 206 7
351 167 3
351 612 6
351 646 5
351 98 9
351 675 5
351 183 9
351 94 7
351 555 4
351 351 9
352 349 8
352 746 10
352 357 6
352 339 7
352 128 2
352 656 3
352 497 7
352 539 6
352 315 7
352 410 4
353 152 9
353 613 8
353 554 5
353 340 5
353 655 9
353 455 9
353 519 3
353 133 1
353 649 6
353 554 5
354 296 2
354 594 6
354 336 3
354 683 6
354 336 3
354 45 8
354 188 3
354 655 3
354 407 3
354 113 8
355 219 6
355 172 5
355 269 1
355 545 3
355 98 8
355 214 9
355 653 8
355 473 6
355 96 1
355 102 9
356 192 7
356 82 1
356 202 8
356 38 1
356 227 3
356 493 8
356 372 10
356 570 3
356 359 5
356 280 9
357 166 5
357 145 10
357 2 5
357 61 8
357 742 5
357 53 4
357 557 9
357 72 10
357 552 5
357 356 5
358 637 6
358 566 9
358 527 6
358 301 9
358 208 6
358 596 8
358 591 2
358 222 4
358 212 10
358 252 9
359 490 10
359 574 1
359 266 8
359 547 1
359 73 8
359 348 1
359 267 5
359 369 10
359 720 6
359 673 6
360 430 6
360 299 1
360 624 1
360 600 5
360 706 8
360 570 10
360 332 6
360 461 6
360 143 8
360 592 10
361 133 2
361 312 9
361 191 6
361 538 3
361 600 10
361 122 4
361 173 5
361 572 4
361 354 10
361 248 8
362 204 4
362 420 6
362 516 6
362 529 6
362 351 5
362 198 8
362 385 1
362 633 4
362 71 6
362 739 8
363 649 9
363 614 3
363 662 4
363 453 10
363 162 9
363 473 1
363 515 8
363 174 5
363 355 1
363 27 5
364 13 5
364 166 2
364 594 5
364 716 8
364 16 5
364 363 3
364 568 9
364 282 7
364 145 7
364 670 9
365 656 1
365 386 1
365 486 10
365 574 7
365 552 4
365 6 6
365 559 7
365 397 3
365 685 7
365 601 2
366 392 2
366 597 3
366 369 3
366 199 6
366 524 1
366 412 6
366 698 5
366 391 6
366 149 7
366 334 9
367 519 4
367 729 5
367 62 10
367 617 3
367 214 4
367 660 10
367 696 7
367 336 4
367 206 7
367 155 8
368 269 1
368 516 8
368 370 5
368 479 7
368 270 7
368 347 3
368 701 5
368 73 8
368 23 4
368 198 8
369 425 9
369 273 9
369 208 9
369 740 9
369 230 7
369 733 1
369 526 1
369 371 8
369 579 8
369 260 10
370 513 5
370 377 1
370 252 8
370 660 7
370 257 10
370 30 4
370 386 4
370 423 6
370 596 5
370 735 8
371 586 7
371 308 8
371 727 9
371 74 6
371 660 10
371 477 2
371 544 7
371 216 8
371 308 8
371 51 4
372 319 10
372 332 3
372 728 5
372 267 4
372 394 9
372 76 5
372 359 9
372 124 8
372 552 8
372 280 3
373 513 10
373 729 7
373 305 1
373 276 1
373 378 1
373 272 4
373 656 7
373 553 7
373 347 2
373 165 4
374 552 6
374 397 2
374 640 1
374 30 4
374 631 7
374 399 3
374 281 3
374 378 3
374 251 5
374 522 9
375 341 10
375 573 1
375 431 3
375 408 10
375 473 7
375 699 4
375 67 3
375 188 1
375 293 6
375 285 5
376 619 6
376 77 6
376 100 2
376 24 5
376 556 2
376 548 5
376 231 1
376 683 4
376 278 3
376 392 6
377 692 5
377 30 2
377 540 8
377 715 5
377 252 1
377 692 5
377 719 1
377 634 1
377 541 8
377 297 1
378 29 6
378 596 6
378 76 3
378 338 4
378 372 3
378 672 2
378 10 5
378 198 5
378 211 7
378 295 7
379 350 10
379 11 2
379 336 4
379 483 2
379 126 7
379 465 2
379 321 1
379 506 9
379 439 8
379 432 7
380 448 2
380 729 9
380 216 6
380 445 1
380 336 4
380 422 5
380 551 5
380 387 3
380 375 4
380 209 3
381 53 10
381 538 6
381 656 10
381 301 9
381 110 1
381 86 4
381 8 2
381 399 8
381 565 2
381 230 7
382 614 5
382 604 1
382 736 10
382 23 8
382 281 8
382 491 8
382 583 2
382 80 7
382 324 4
382 719 1
383 743 7
383 574 4
383 569 4
383 216 2
383 4 7
383 667 7
383 395 9
383 303 5
383 158 2
383 366 7
384 112 3
384 20 2
384 56 1
384 675 7
384 90 6
384 349 4
384 92 3
384 85 9
384 571 8
384 709 1
385 247 7
385 634 8
385 209 7
385 603 10
385 75 7
385 384 2
385 526 5
385 734 6
385 530 1
385 77 9
386 352 9
386 422 9
386 572 6
386 178 2
386 444 6
386 232 6
386 606 10
386 458 1
386 497 9
386 504 6
387 271 8
387 365 5
387 592 5
387 296 8
387 252 10
387 519 9
387 478 5
387 599 3
387 505 3
387 304 3
388 602 1
388 39 6
388 449 3
388 545 5
388 481 5
388 734 1
388 176 5
388 415 6
388 16 5
388 578 2
389 363 4
389 325 8
389 293 2
389 259 1
389 201 1
389 357 8
389 409 5
389 216 1
389 224 8
389 692 10
390 717 7
390 16 4
390 413 3
390 32 10
390 478 4
390 496 6
390 648 6
390 602 7
390 270 4
390 95 8
391 480 2
391 37 6
391 330 3
391 186 9
391 435 10
391 635 6
391 139 4
391 353 3
391 171 3
391 516 6
392 48 9
392 626 3
392 623 3
392 246 1
392 316 4
392 276 10
392 414 8
392 423 4
392 265 1
392 272 10
393 385 2
393 178 3
393 426 7
393 2 3
393 339 4
393 48 9
393 6 5
393 75 6
393 95 2
393 594 8
394 740 10
394 485 3
394 401 5
394 129 1
394 44 3
394 200 3
394 360 3
394 371 10
394 52 2
394 220 8
395 123 7
395 302 7
395 705 10
395 484 4
395 125 5
395 672 8
395 137 1
395 500 6
395 295 2
395 711 3
396 560 8
396 546 7
396 241 4
396 650 4
396 238 5
396 690 5
396 135 1
396 185 5
396 749 7
396 296 8
397 633 2
397 47 5
397 327 2
397 56 5
397 567 2
397 36 3
397 287 8
397 482 4
397 694 7
397 336 4
398 41 8
398 750 10
398 18 3
398 440 10
398 262 3
398 449 8
398 213 9
398 226 9
398 707 9
398 329 6
399 653 3
399 168 5
399 374 4
399 285 2
399 77 5
399 314 5
399 26 7
399 98 2
399 459 7
399 307 10
400 352 10
400 461 3
400 75 3
400 741 10
400 552 8
400 434 8
400 77 6
400 221 4
400 578 1
400 113 4
401 505 6
401 83 8
401 687 2
401 415 8
401 662 6
401 440 4
401 487 2
401 295 3
401 551 4
401 340 2
402 723 3
402 460 6
402 722 1
402 331 8
402 312 4
402 745 3
402 243 4
402 215 7
402 445 2
402 10 9
403 264 8
403 673 10
403 306 8
403 67 2
403 126 8
403 61 5
403 14 7
403 91 10
403 48 5
403 575 7
404 398 10
404 286 4
404 198 1
404 571 4
404 24 8
404 642 7
404 120 4
404 579 4
404 410 5
404 229 4
405 72 5
405 218 3
405 105 4
405 236 6
405 491 10
405 351 10
405 676 10
405 395 9
405 102 8
405 169 1
406 640 9
406 200 3
406 143 4
406 618 4
406 570 9
406 610 5
406 201 6
406 454 6
406 528 6
406 292 3
407 736 6
407 545 6
407 298 3
407 724 6
407 216 7
407 18 9
407 602 5
407 209 8
407 522 4
407 362 6
408 559 6
408 415 4
408 710 5
408 597 1
408 423 2
408 454 5
408 149 7
408 292 3
408 186 9
408 726 9
409 662 6
409 59 2
409 702 2
409 118 6
409 725 7
409 652 1
409 456 6
409 140 1
409 725 7
409 498 3
410 564 3
410 485 6
410 135 5
410 256 4
410 488 8
410 121 4
410 427 6
410 551 9
410 582 3
410 699 4
411 538 1
411 378 10
411 265 7
411 310 9
411 219 4
411 5 6
411 355 4
411 372 10
411 738 3
411 369 2
412 496 3
412 583 10
412 110 1
412 381 5
412 342 5
412 135 3
412 387 10
412 347 3
412 701 3
412 509 1
413 619 2
413 594 6
413 193 1
413 377 9
413 366 7
413 563 1
413 746 9
413 98 5
413 174 1
413 31 5
414 738 3
414 142 8
414 460 9
414 236 2
414 478 3
414 739 10
414 78 4
414 463 1
414 418 10
414 500 2
415 660 4
415 534 10
415 544 10
415 387 6
415 149 3
415 607 9
415 699 2
415 395 4
415 458 8
415 674 2
416 543 2
416 152 7
416 392 6
416 658 2
416 519 4
416 256 4
416 184 7
416 48 2
416 411 9
416 57 8
417 486 8
417 661 5
417 544 1
417 319 3
417 468 3
417 615 1
417 280 8
417 572 5
417 408 9
417 34 3
418 370 6
418 586 6
418 534 7
418 235 10
418 61 1
418 88 9
418 119 2
418 411 8
418 296 2
418 401 7
419 662 5
419 33 5
419 44 4
419 108 1
419 624 2
419 658 3
419 321 8
419 217 3
419 470 4
419 26 3
420 469 1
420 495 10
420 449 5
420 574 8
420 745 6
420 190 5
420 175 5
420 200 4
420 445 10
420 629 7
421 264 5
421 482 7
421 429 9
421 716 9
421 32 8
421 249 9
421 245 3
421 442 9
421 224 10
421 322 5
422 455 9
422 61 9
422 376 4
422 533 3
422 591 9
422 96 9
422 245 9
422 344 9
422 283 5
422 119 6
423 384 2
423 413 5
423 91 4
423 734 2
423 421 3
423 544 10
423 114 7
423 400 10
423 742 6
423 60 8
424 59 5
424 536 8
424 195 7
424 457 8
424 74 3
424 597 9
424 43 3
424 450 10
424 446 10
424 92 4
425 66 6
425 260 1
425 170 6
425 80 8
425 697 1
425 222 4
425 569 7
425 485 1
425 542 10
425 31 5
426 555 6
426 546 5
426 6 1
426 113 3
426 719 7
426 553 4
426 667 1
426 440 7
426 684 9
426 30 7
427 393 3
427 480 2
427 368 8
427 689 10
427 552 7
427 32 4
427 128 7
427 370 7
427 651 7
427 696 1
428 82 3
428 698 1
428 37 4
428 630 9
428 557 3
428 484 10
428 506 3
428 477 8
428 469 10
428 383 5
429 626 9
429 258 3
429 547 3
429 741 10
429 160 7
429 75 4
429 170 1
429 146 2
429 115 6
429 495 3
430 511 6
430 30 6
430 431 4
430 101 3
430 59 10
430 242 4
430 54 2
430 169 5
430 665 1
430 368 5
431 351 10
431 71 9
431 99 9
431 472 7
431 342 9
431 420 8
431 623 5
431 1 8
431 591 10
431 471 3
432 39 2
432 366 10
432 49 1
432 329 3
432 159 9
432 281 7
432 377 7
432 209 9
432 580 9
432 131 3
433 254 7
433 724 1
433 536 6
433 190 2
433 20 10
433 33 4
433 130 9
433 501 3
433 742 2
433 700 1
434 529 1
434 278 3
434 604 1
434 462 5
434 33 10
434 343 4
434 488 3
434 52 9
434 693 2
434 723 3
435 247 4
435 278 10
435 641 1
435 11 3
435 644 5
435 337 5
435 587 5
435 80 10
435 747 7
435 139 3
436 639 4
436 122 2
436 617 6
436 237 7
436 549 6
436 184 4
436 215 8
436 317 2
436 475 10
436 536 1
437 683 5
437 196 8
437 682 10
437 156 3
437 540 6
437 277 2
437 288 10
437 516 1
437 617 10
437 412 2
438 190 9
438 78 4
438 482 6
438 560 9
438 153 1
438 227 3
438 684 6
438 499 9
438 1 7
438 354 1
439 745 1
439 591 7
439 700 3
439 543 10
439 379 3
439 290 4
439 182 2
439 462 2
439 274 6
439 86 3
440 56 1
440 23 6
440 642 3
440 662 10
440 300 6
440 557 1
440 595 4
440 534 7
440 234 2
440 425 3
441 724 10
441 266 3
441 517 8
441 365 2
441 251 6
441 287 8
441 714 1
441 575 6
441 83 8
441 609 5
442 594 4
442 598 10
442 539 6
442 663 8
442 584 8
442 63 4
442 137 5
442 231 4
442 137 5
442 192 1
443 719 6
443 428 3
443 597 6
443 218 7
443 251 4
443 378 4
443 473 1
443 157 9
443 464 10
443 743 6
444 512 3
444 151 2
444 596 3
444 72 7
444 748 1
444 629 6
444 215 6
444 313 2
444 558 4
444 305 1
445 123 6
445 617 4
445 358 9
445 149 10
445 344 5
445 609 2
445 98 6
445 316 10
445 441 4
445 20 2
446 597 8
446 18 7
446 503 4
446 487 10
446 572 2
446 240 8
446 159 10
446 642 3
446 37 4
446 348 6
447 521 9
447 638 8
447 723 4
447 311 3
447 542 9
447 570 5
447 482 6
447 206 9
447 206 9
447 633 2
448 572 10
448 99 9
448 179 9
448 73 10
448 676 9
448 199 8
448 377 7
448 96 3
448 611 4
448 271 4
449 653 2
449 424 6
449 501 1
449 360 2
449 483 8
449 539 8
449 502 4
449 98 6
449 570 1
449 429 10
450 202 3
450 510 8
450 500 2
450 401 4
450 320 10
450 233 3
450 528 10
450 345 7
450 372 2
450 625 2
451 300 5
451 169 6
451 528 2
451 692 5
451 286 2
451 289 10
451 279 2
451 703 9
451 178 4
451 568 7
452 680 3
452 669 6
452 161 4
452 497 2
452 406 4
452 132 7
452 207 4
452 567 4
452 531 10
452 691 5
453 239 2
453 263 8
453 19 1
453 664 2
453 30 3
453 580 3
453 451 5
453 694 2
453 173 1
453 654 10
454 667 2
454 506 3
454 680 2
454 377 10
454 392 6
454 182 2
454 693 1
454 226 1
454 130 7
454 81 2
455 668 2
455 582 4
455 178 3
455 671 8
455 88 1
455 333 4
455 545 8
455 668 2
455 247 2
455 76 10
456 330 6
456 696 10
456 704 6
456 274 8
456 615 5
456 22 5
456 159 1
456 647 5
456 276 9
456 175 3
457 8 9
457 478 2
457 392 3
457 743 7
457 506 10
457 225 1
457 23 1
457 368 1
457 64 6
457 373 3
458 739 6
458 522 10
458 316 9
458 720 8
458 479 6
458 390 6
458 567 5
458 665 9
458 632 3
458 111 6
459 162 5
459 309 10
459 371 7
459 392 6
459 291 7
459 701 9
459 471 8
459 307 6
459 291 7
459 475 6
460 50 6
460 383 1
460 533 5
460 632 8
460 377 3
460 694 1
460 72 4
460 662 9
460 224 10
460 5 9
461 566 5
461 373 10
461 395 7
461 448 3
461 412 8
461 638 10
461 542 4
461 709 10
461 562 6
461 638 10
462 520 10
462 492 5
462 303 5
462 82 9
462 486 2
462 666 6
462 709 1
462 37 6
462 590 8
462 161 9
463 48 1
463 709 4
463 206 1
463 389 3
463 721 10
463 748 9
463 357 2
463 517 1
463 338 5
463 536 8
464 167 8
464 353 9
464 70 8
464 626 8
464 109 3
464 105 9
464 349 1
464 596 9
464 335 5
464 358 9
465 384 8
465 11 6
465 334 5
465 224 8
465 69 10
465 366 8
465 636 7
465 201 1
465 416 7
465 88 3
466 436 10
466 409 5
466 1 5
466 253 1
466 289 2
466 713 9
466 454 6
466 581 3
466 407 8
466 452 4
467 686 8
467 211 10
467 477 10
467 699 6
467 565 5
467 41 5
467 735 4
467 192 10
467 676 4
467 559 5
468 459 5
468 211 4
468 389 1
468 725 4
468 647 10
468 559 6
468 253 7
468 182 6
468 585 1
468 243 2
469 502 1
469 717 7
469 165 2
469 713 3
469 84 10
469 580 4
469 53 10
469 216 2
469 233 5
469 224 6
470 454 2
470 423 8
470 704 10
470 590 2
470 141 3
470 43 6
470 14 10
470 542 3
470 691 1
470 131 2
471 637 4
471 100 4
471 86 10
471 670 4
471 604 5
471 427 7
471 213 6
471 703 3
471 570 6
471 667 3
472 641 6
472 711 7
472 569 3
472 615 9
472 120 4
472 567 5
472 320 8
472 95 3
472 49 10
472 222 3
473 586 9
473 115 6
473 449 6
473 333 5
473 691 3
473 122 2
473 395 6
473 624 9
473 370 2
473 130 7
474 508 10
474 730 8
474 270 10
474 33 10
474 82 2
474 598 6
474 406 7
474 705 4
474 81 7
474 381 4
475 715 4
475 434 3
475 246 3
475 682 3
475 203 8
475 2 3
475 424 3
475 249 9
475 295 9
475 179 9
476 284 3
476 245 8
476 70 2
476 408 3
476 707 3
476 82 8
476 610 10
476 261 1
476 183 4
476 614 6
477 178 9
477 112 2
477 279 2
477 226 10
477 533 5
477 141 2
477 355 5
477 375 4
477 274 9
477 477 6
478 377 8
478 437 8
478 342 2
478 658 9
478 151 5
478 128 5
478 166 4
478 253 5
478 684 5
478 614 7
479 181 10
479 387 4
479 580 10
479 194 5
479 549 4
479 40 2
479 258 4
479 377 10
479 361 8
479 330 2
480 300 8
480 36 10
480 423 4
480 571 1
480 234 3
480 112 7
480 235 10
480 230 1
480 738 2
480 704 6
481 573 3
481 634 6
481 339 7
481 436 2
481 681 6
481 8 10
481 224 3
481 609 8
481 58 4
481 524 7
482 560 6
482 23 8
482 520 1
482 427 8
482 680 8
482 455 2
482 377 3
482 234 5
482 364 4
482 412 3
483 252 7
483 685 6
483 703 7
483 227 4
483 549 10
483 509 3
483 723 9
483 85 8
483 390 2
483 22 6
484 139 4
484 516 1
484 8 1
484 86 2
484 278 4
484 90 2
484 440 3
484 708 4
484 456 4
484 424 8
485 355 1
485 134 9
485 154 3
485 650 6
485 151 3
485 116 5
485 271 3
485 346 10
485 643 5
485 649 6
486 21 1
486 197 10
486 230 3
486 323 4
486 321 7
486 361 2
486 471 2
486 311 6
486 263 9
486 51 10
487 145 7
487 301 2
487 33 6
487 103 1
487 597 2
487 202 7
487 97 10
487 318 6
487 216 8
487 431 5
488 76 10
488 15 3
488 278 1
488 583 8
488 398 3
488 167 6
488 417 6
488 377 9
488 218 1
488 259 9
489 158 9
489 136 10
489 155 2
489 408 2
489 129 2
489 550 4
489 500 1
489 599 9
489 437 2
489 278 8
490 685 6
490 322 10
490 515 5
490 398 2
490 142 4
490 76 1
490 73 5
490 61 3
490 434 10
490 444 1
491 332 3
491 157 8
491 567 5
491 687 6
491 549 4
491 456 10
491 737 4
491 229 6
491 49 5
491 311 9
492 598 3
492 651 2
492 714 7
492 80 1
492 641 4
492 219 1
492 377 3
492 409 5
492 403 5
492 82 1
493 35 4
493 208 8
493 110 6
493 62 5
493 95 1
493 573 8
493 484 8
493 397 6
493 740 9
493 52 7
494 736 2
494 577 7
494 481 1
494 59 7
494 380 5
494 47 10
494 113 10
494 297 2
494 95 4
494 542 2
495 747 7
495 450 2
495 322 4
495 257 8
495 632 9
495 586 10
495 51 5
495 507 7
495 452 3
495 452 3
496 238 8
496 590 8
496 12 1
496 340 10
496 286 3
496 621 2
496 544 4
496 397 5
496 279 8
496 209 7
497 559 8
497 42 5
497 623 7
497 544 2
497 276 6
497 46 6
497 242 10
497 336 8
497 587 3
497 131 1
498 523 6
498 501 3
498 374 8
498 418 10
498 435 9
498 468 3
498 668 10
498 746 10
498 444 2
498 446 6
499 552 2
499 5 1
499 296 6
499 12 1
499 483 1
499 605 5
499 254 5
499 11 3
499 279 4
499 130 6
500 420 2
500 122 10
500 633 4
500 616 8
500 398 6
500 570 8
500 19 6
500 479 6
500 505 3
500 622 6
501 241 9
501 731 2
501 364 6
501 385 1
501 699 5
501 650 3
501 619 7
501 542 4
501 110 3
501 580 5
502 452 10
502 258 1
502 629 2
502 459 1
502 123 1
502 645 3
502 123 1
502 431 5
502 316 10
502 646 4
503 68 3
503 17 10
503 291 1
503 11 8
503 524 9
503 662 10
503 24 2
503 431 10
503 411 8
503 150 5
504 119 6
504 36 5
504 200 5
504 82 3
504 670 10
504 449 8
504 437 6
504 105 4
504 177 10
504 483 5
505 421 7
505 682 2
505 337 10
505 16 2
505 740 8
505 475 2
505 624 2
505 522 4
505 612 1
505 327 7
506 532 7
506 170 3
506 517 1
506 661 4
506 680 6
506 417 4
506 743 9
506 333 7
506 41 9
506 551 8
507 517 2
507 527 1
507 456 2
507 483 4
507 168 8
507 484 8
507 105 4
507 398 10
507 483 4
507 113 10
508 327 3
508 437 4
508 453 6
508 619 6
508 232 8
508 209 10
508 629 8
508 699 2
508 334 6
508 429 6
509 574 5
509 140 4
509 476 4
509 550 1
509 647 8
509 625 6
509 162 8
509 662 9
509 279 8
509 257 7
510 89 5
510 750 5
510 466 5
510 461 1
510 224 7
510 81 3
510 465 9
510 111 1
510 179 3
510 433 6
511 50 1
511 456 4
511 121 1
511 388 3
511 310 8
511 707 8
511 563 3
511 506 5
511 464 6
511 78 2
512 688 1
512 17 7
512 83 7
512 48 7
512 592 2
512 374 5
512 115 5
512 150 9
512 217 4
512 558 9
513 451 1
513 144 5
513 130 9
513 744 9
513 198 9
513 702 6
513 248 3
513 161 7
513 322 10
513 551 1
514 340 1
514 222 8
514 54 6
514 220 5
514 642 9
514 563 5
514 327 4
514 185 6
514 392 8
514 267 6
515 58 10
515 450 1
515 408 9
515 456 6
515 98 1
515 417 5
515 421 6
515 504 7
515 353 4
515 399 2
516 75 7
516 363 2
516 310 10
516 181 4
516 138 9
516 353 1
516 561 1
516 367 6
516 722 2
516 296 4
517 591 7
517 43 6
517 448 7
517 315 9
517 49 1
517 526 7
517 288 5
517 479 8
517 238 8
517 749 3
518 564 2
518 373 3
518 153 6
518 209 2
518 193 3
518 195 4
518 211 4
518 741 6
518 50 2
518 683 5
519 571 4
519 666 7
519 60 10
519 219 4
519 246 2
519 294 9
519 435 3
519 615 8
519 289 10
519 337 8
520 141 4
520 44 10
520 31 8
520 136 3
520 125 7
520 193 4
520 193 4
520 34 4
520 677 6
520 62 2
521 259 5
521 432 10
521 284 10
521 171 4
521 548 6
521 286 10
521 640 3
521 306 8
521 498 3
521 548 6
522 502 6
522 492 7
522 288 8
522 202 2
522 399 7
522 321 6
522 219 1
522 495 2
522 628 2
522 443 7
523 441 5
523 707 9
523 337 6
523 290 1
523 603 1
523 557 4
523 289 9
523 281 8
523 452 5
523 748 10
524 263 4
524 376 4
524 174 3
524 669 5
524 589 10
524 61 3
524 510 10
524 160 1
524 121 7
524 290 2
525 77 8
525 590 9
525 625 10
525 362 2
525 48 5
525 680 9
525 205 8
525 582 2
525 483 10
525 422 3
526 574 6
526 677 3
526 721 6
526 118 7
526 84 5
526 599 9
526 508 3
526 5 8
526 314 3
526 131 2
527 723 10
527 507 4
527 486 5
527 365 10
527 122 6
527 729 7
527 708 9
527 560 5
527 453 5
527 277 4
528 444 5
528 516 4
528 287 9
528 229 6
528 638 6
528 428 1
528 304 4
528 687 10
528 31 4
528 458 3
529 626 10
529 153 1
529 54 8
529 90 4
529 239 7
529 148 5
529 542 7
529 456 10
529 484 7
529 353 1
530 504 9
530 205 4
530 680 8
530 258 7
530 168 6
530 513 3
530 81 6
530 115 9
530 678 7
530 504 9
531 721 3
531 398 1
531 50 1
531 106 1
531 746 7
531 563 3
531 453 8
531 175 6
531 216 2
531 131 9
532 502 8
532 122 2
532 63 9
532 77 5
532 422 2
532 415 6
532 204 10
532 315 3
532 178 8
532 368 10
533 683 5
533 732 8
533 120 2
533 552 3
533 705 6
533 168 1
533 85 9
533 85 9
533 132 4
533 687 10
534 386 10
534 117 9
534 343 3
534 314 6
534 41 10
534 158 10
534 436 9
534 138 4
534 461 4
534 58 5
535 452 8
535 333 10
535 337 8
535 237 1
535 576 2
535 32 1
535 194 2
535 477 6
535 744 4
535 290 1
536 142 3
536 591 10
536 317 4
536 381 7
536 328 3
536 333 5
536 626 5
536 208 10
536 120 9
536 640 9
537 300 5
537 348 4
537 525 10
537 274 9
537 97 9
537 493 3
537 671 1
537 523 9
537 175 7
537 602 3
538 141 4
538 305 9
538 600 7
538 514 6
538 544 4
538 586 2
538 98 4
538 482 9
538 711 8
538 674 3
539 614 4
539 436 1
539 476 9
539 502 7
539 312 2
539 298 6
539 377 4
539 4 4
539 209 7
539 408 4
540 166 6
540 453 8
540 278 10
540 480 3
540 269 8
540 671 4
540 291 9
540 352 10
540 717 3
540 348 9
541 558 9
541 77 5
541 24 7
541 507 10
541 54 8
541 519 10
541 480 7
541 155 8
541 302 8
541 391 10
542 334 8
542 588 8
542 485 3
542 86 5
542 140 6
542 439 1
542 337 10
542 568 5
542 632 7
542 711 5
543 4 7
543 615 10
543 279 3
543 471 1
543 455 2
543 563 3
543 107 10
543 56 10
543 251 10
543 670 4
544 154 6
544 435 9
544 586 1
544 397 5
544 554 10
544 99 8
544 322 5
544 304 7
544 3 5
544 61 3
545 348 4
545 110 10
545 273 2
545 478 9
545 284 10
545 183 2
545 162 1
545 297 6
545 452 5
545 136 4
546 511 1
546 443 7
546 459 10
546 631 8
546 654 3
546 714 2
546 214 3
546 441 8
546 273 7
546 655 4
547 1 3
547 68 9
547 100 8
547 388 7
547 245 2
547 119 8
547 174 5
547 214 3
547 703 5
547 265 6
548 175 3
548 290 4
548 341 5
548 192 1
548 457 10
548 589 7
548 455 6
548 623 8
548 262 5
548 193 1
549 699 8
549 612 6
549 158 3
549 346 7
549 171 1
549 741 3
549 566 8
549 701 8
549 667 9
549 424 3
550 42 2
550 641 3
550 591 8
550 253 7
550 336 10
550 329 10
550 295 2
550 344 4
550 52 10
550 502 8
551 286 6
551 46 3
551 519 10
551 265 2
551 167 2
551 298 6
551 692 9
551 53 7
551 54 9
551 331 6
552 679 7
552 200 9
552 201 5
552 604 10
552 174 9
552 638 1
552 747 3
552 311 6
552 72 5
552 528 8
553 203 3
553 470 1
553 54 3
553 9 4
553 19 8
553 70 1
553 624 6
553 336 9
553 452 3
553 728 9
554 18 2
554 422 1
554 270 5
554 356 8
554 144 6
554 548 3
554 585 3
554 359 8
554 268 9
554 281 6
555 521 5
555 456 8
555 12 5
555 661 10
555 259 6
555 41 5
555 520 6
555 686 7
555 363 2
555 85 6
556 331 1
556 199 2
556 447 1
556 131 2
556 367 10
556 660 9
556 114 3
556 537 1
556 69 2
556 422 1
557 527 3
557 687 9
557 404 10
557 245 2
557 124 2
557 521 1
557 57 6
557 48 3
557 268 4
557 668 10
558 365 7
558 342 2
558 307 5
558 296 8
558 594 7
558 320 4
558 260 1
558 545 4
558 394 9
558 284 6
559 726 6
559 223 9
559 513 2
559 629 6
559 86 1
559 283 4
559 667 4
559 615 5
559 124 5
559 596 9
560 697 6
560 425 7
560 59 10
560 744 4
560 234 9
560 87 3
560 707 1
560 520 10
560 640 8
560 397 8
561 536 4
561 155 4
561 145 4
561 183 2
561 385 5
561 717 3
561 588 4
561 349 7
561 344 3
561 635 5
562 76 6
562 694 2
562 62 10
562 653 10
562 712 10
562 10 10
562 107 8
562 723 4
562 656 7
562 197 3
563 198 5
563 323 8
563 182 8
563 101 4
563 636 4
563 419 4
563 332 2
563 157 4
563 596 5
563 111 3
564 601 4
564 623 3
564 97 6
564 294 7
564 277 1
564 606 4
564 95 6
564 149 4
564 667 5
564 293 10
565 598 10
565 412 8
565 729 6
565 111 4
565 671 3
565 263 6
565 573 5
565 480 10
565 113 3
565 93 8
566 209 9
566 292 1
566 220 8
566 315 1
566 57 8
566 370 7
566 258 3
566 330 1
566 185 5
566 278 5
567 661 1
567 607 7
567 308 2
567 587 5
567 535 2
567 236 4
567 608 2
567 522 8
567 582 8
567 571 9
568 349 1
568 486 8
568 367 9
568 111 5
568 1 4
568 316 6
568 73 7
568 171 4
568 701 7
568 83 3
569 303 2
569 544 10
569 555 6
569 315 5
569 156 7
569 97 1
569 580 8
569 462 9
569 35 8
569 309 5
570 153 3
570 169 7
570 173 1
570 326 10
570 63 7
570 402 5
570 454 4
570 358 6
570 429 4
570 21 8
571 386 4
571 516 6
571 705 5
571 471 10
571 344 6
571 559 5
571 547 6
571 279 3
571 673 7
571 585 10
572 706 5
572 68 5
572 469 2
572 506 9
572 635 6
572 258 6
572 738 5
572 109 6
572 298 8
572 310 8
573 408 4
573 164 10
573 405 5
573 160 8
573 595 10
573 398 3
573 340 8
573 523 9
573 496 3
573 38 10
574 229 5
574 383 7
574 84 10
574 323 8
574 464 8
574 509 8
574 332 10
574 669 8
574 743 1
574 580 8
575 504 6
575 351 8
575 681 4
575 597 9
575 232 1
575 87 2
575 628 7
575 568 2
575 173 8
575 138 1
576 392 4
576 665 4
576 601 6
576 144 10
576 232 4
576 68 4
576 591 2
576 614 2
576 214 3
576 616 5
577 675 5
577 750 6
577 220 9
577 548 8
577 450 5
577 199 6
577 334 10
577 177 7
577 31 2
577 750 6
578 418 5
578 618 8
578 408 9
578 111 5
578 712 10
578 719 4
578 733 3
578 94 8
578 679 8
578 77 4
579 694 10
579 193 1
579 745 9
579 380 9
579 346 3
579 105 9
579 284 7
579 720 8
579 166 9
579 226 6
580 474 4
580 725 10
580 82 1
580 456 6
580 615 7
580 288 4
580 460 7
580 131 7
580 117 4
580 554 3
581 280 9
581 317 1
581 12 7
581 673 2
581 253 6
581 152 9
581 249 2
581 576 1
581 40 9
581 17 6
582 730 4
582 592 3
582 544 6
582 711 4
582 125 1
582 317 10
582 724 1
582 548 6
582 690 4
582 158 2
583 93 9
583 321 9
583 20 6
583 438 4
583 34 3
583 125 4
583 292 10
583 585 1
583 185 3
583 410 5
584 719 10
584 352 5
584 57 10
584 83 10
584 360 4
584 232 3
584 318 6
584 127 3
584 398 7
584 670 3
585 529 2
585 111 4
585 584 7
585 743 6
585 338 2
585 627 5
585 299 3
585 653 2
585 74 4
585 427 1
586 328 3
586 493 9
586 607 9
586 713 3
586 483 4
586 700 6
586 232 1
586 213 2
586 242 6
586 648 3
587 484 7
587 692 8
587 229 8
587 286 5
587 214 8
587 364 8
587 227 3
587 341 10
587 737 3
587 130 8
588 250 9
588 337 8
588 711 9
588 427 9
588 39 2
588 585 7
588 303 5
588 9 2
588 208 4
588 505 10
589 524 6
589 402 6
589 380 4
589 58 1
589 543 3
589 593 9
589 306 8
589 566 6
589 91 7
589 269 7
590 698 3
590 559 7
590 611 1
590 307 8
590 590 3
590 534 1
590 740 2
590 625 2
590 742 7
590 546 10
591 191 10
591 41 7
591 478 7
591 384 6
591 187 5
591 643 1
591 386 2
591 732 6
591 591 6
591 721 9
592 81 7
592 68 8
592 117 4
592 119 1
592 461 4
592 174 4
592 172 6
592 689 10
592 557 8
592 249 8
593 377 7
593 160 8
593 665 9
593 584 4
593 502 9
593 503 4
593 237 5
593 409 6
593 153 3
593 746 10
594 231 3
594 296 8
594 429 5
594 315 3
594 455 7
594 500 3
594 185 7
594 297 5
594 258 1
594 249 4
595 256 3
595 156 9
595 550 2
595 605 5
595 535 3
595 354 4
595 362 1
595 102 7
595 131 4
595 385 4
596 217 3
596 306 8
596 219 8
596 562 2
596 467 10
596 574 4
596 705 4
596 323 9
596 542 8
596 502 10
597 204 1
597 94 2
597 38 3
597 288 4
597 295 5
597 693 2
597 484 9
597 502 6
597 145 3
597 589 7
598 635 8
598 329 5
598 638 4
598 353 8
598 726 7
598 234 2
598 323 10
598 78 4
598 441 9
598 632 10
599 599 9
599 23 1
599 572 7
599 315 9
599 575 4
599 145 2
599 16 2
599 244 10
599 216 10
599 389 6
600 98 4
600 404 7
600 536 8
600 229 7
600 194 10
600 244 4
600 126 6
600 687 6
600 483 3
600 712 10
601 475 9
601 520 8
601 648 5
601 169 9
601 450 6
601 592 4
601 535 1
601 723 10
601 285 7
601 745 9
602 540 6
602 319 1
602 642 9
602 558 5
602 601 9
602 11 10
602 315 8
602 346 5
602 355 2
602 99 7
603 55 8
603 688 8
603 522 6
603 666 2
603 154 5
603 190 8
603 736 5
603 691 1
603 687 4
603 635 7
604 667 5
604 441 6
604 742 8
604 491 3
604 147 4
604 280 7
604 472 1
604 5 8
604 295 3
604 477 5
605 494 6
605 677 10
605 349 1
605 526 8
605 169 7
605 132 8
605 366 8
605 564 7
605 347 8
605 689 4
606 597 3
606 705 5
606 382 2
606 158 5
606 615 5
606 279 5
606 482 10
606 297 10
606 234 9
606 693 6
607 317 8
607 687 7
607 341 8
607 629 9
607 544 8
607 486 5
607 672 3
607 101 4
607 563 5
607 465 4
608 715 9
608 316 4
608 168 10
608 83 3
608 330 7
608 237 3
608 218 4
608 670 4
608 219 9
608 354 2
609 551 10
609 280 1
609 85 3
609 165 9
609 639 4
609 254 6
609 36 1
609 376 3
609 686 6
609 155 8
610 654 9
610 5 4
610 534 7
610 112 3
610 182 4
610 264 5
610 10 4
610 595 10
610 245 4
610 609 8
611 78 4
611 614 7
611 633 8
611 653 1
611 488 7
611 157 10
611 211 2
611 626 1
611 530 3
611 320 4
612 678 7
612 306 8
612 456 3
612 9 10
612 143 4
612 132 6
612 696 5
612 342 10
612 455 2
612 94 9
613 687 1
613 741 1
613 98 3
613 374 9
613 527 1
613 109 2
613 645 7
613 452 7
613 91 6
613 88 5
614 503 6
614 732 2
614 482 4
614 268 4
614 544 7
614 318 4
614 304 9
614 477 2
614 302 2
614 636 7
615 381 9
615 563 3
615 204 1
615 262 8
615 410 8
615 224 3
615 673 1
615 397 7
615 251 5
615 274 10
616 252 5
616 544 6
616 65 10
616 635 4
616 205 4
616 453 3
616 367 7
616 378 6
616 508 6
616 326 4
617 308 2
617 65 9
617 570 1
617 244 2
617 39 1
617 95 8
617 189 4
617 744 5
617 127 3
617 60 3
618 690 10
618 154 2
618 70 6
618 27 10
618 145 9
618 522 5
618 207 9
618 491 6
618 451 3
618 16 7
619 191 1
619 293 10
619 240 9
619 454 10
619 122 9
619 387 9
619 132 1
619 345 7
619 123 9
619 134 9
620 522 10
620 530 7
620 82 10
620 61 8
620 278 3
620 520 1
620 177 5
620 732 9
620 698 9
620 409 5
621 482 3
621 434 2
621 543 9
621 113 5
621 325 7
621 470 8
621 549 6
621 322 7
621 455 10
621 162 6
622 440 5
622 87 4
622 652 8
622 743 4
622 202 2
622 520 5
622 522 10
622 640 1
622 173 6
622 147 9
623 717 9
623 45 1
623 354 4
623 27 3
623 509 5
623 330 3
623 629 8
623 74 9
623 199 6
623 1 4
624 326 7
624 174 3
624 177 3
624 391 5
624 77 4
624 94 5
624 146 10
624 295 5
624 547 1
624 534 8
625 248 6
625 267 5
625 281 5
625 190 1
625 387 8
625 322 10
625 103 2
625 737 4
625 84 9
625 1 8
626 495 10
626 676 1
626 520 8
626 374 8
626 157 7
626 653 3
626 166 9
626 585 9
626 411 6
626 292 4
627 356 5
627 407 10
627 10 8
627 183 8
627 359 7
627 507 6
627 23 7
627 152 1
627 362 7
627 489 2
628 624 4
628 105 1
628 594 2
628 191 7
628 560 4
628 511 2
628 303 8
628 651 8
628 162 7
628 518 3
629 591 10
629 154 8
629 515 7
629 496 5
629 372 6
629 285 3
629 5 10
629 292 9
629 22 8
629 229 10
630 540 7
630 686 10
630 146 1
630 299 8
630 719 2
630 256 5
630 170 1
630 663 8
630 649 3
630 505 3
631 49 4
631 495 8
631 662 7
631 737 2
631 115 3
631 71 2
631 377 8
631 241 9
631 386 4
631 368 9
632 244 3
632 741 8
632 244 3
632 730 5
632 257 6
632 535 10
632 639 8
632 390 5
632 334 1
632 679 9
633 389 3
633 698 10
633 285 7
633 689 5
633 300 1
633 371 6
633 324 2
633 295 7
633 618 2
633 203 3
634 259 10
634 519 2
634 247 6
634 116 2
634 159 1
634 670 8
634 268 5
634 491 5
634 654 10
634 618 7
635 184 4
635 225 9
635 482 2
635 494 3
635 383 2
635 388 3
635 705 9
635 451 10
635 718 4
635 429 1
636 520 10
636 653 3
636 195 6
636 174 7
636 543 7
636 299 10
636 653 3
636 742 3
636 59 2
636 609 10
637 589 2
637 267 2
637 385 10
637 205 7
637 640 3
637 33 4
637 368 6
637 98 6
637 18 8
637 313 6
638 696 8
638 547 10
638 486 3
638 498 1
638 696 8
638 506 2
638 25 4
638 2 10
638 390 7
638 124 1
639 524 10
639 21 9
639 337 2
639 405 3
639 574 9
639 726 7
639 96 2
639 256 7
639 407 5
639 38 2
640 265 10
640 664 7
640 135 3
640 267 10
640 569 2
640 273 4
640 157 4
640 131 1
640 711 3
640 377 7
641 644 4
641 627 8
641 306 5
641 540 10
641 295 8
641 683 5
641 414 6
641 356 5
641 98 4
641 683 5
642 111 2
642 41 9
642 462 7
642 276 8
642 23 7
642 243 7
642 720 10
642 220 8
642 354 9
642 145 3
643 137 8
643 567 6
643 64 7
643 718 4
643 229 2
643 209 5
643 1 9
643 452 5
643 70 7
643 236 2
644 68 2
644 728 7
644 306 8
644 577 9
644 408 8
644 522 1
644 225 7
644 21 5
644 484 3
644 53 5
645 301 9
645 8 5
645 73 5
645 92 8
645 134 2
645 601 5
645 162 3
645 584 10
645 398 5
645 492 4
646 453 10
646 234 1
646 287 5
646 663 3
646 326 8
646 624 5
646 106 8
646 658 10
646 512 5
646 370 7
647 394 7
647 334 1
647 628 8
647 539 8
647 706 8
647 396 3
647 688 10
647 350 1
647 429 10
647 52 2
648 207 10
648 346 1
648 481 5
648 332 4
648 622 8
648 228 8
648 653 1
648 523 3
648 658 10
648 267 8
649 585 10
649 181 3
649 706 2
649 676 5
649 353 1
649 334 10
649 665 2
649 385 8
649 471 7
649 267 2
650 89 2
650 169 5
650 618 6
650 55 6
650 59 3
650 679 7
650 294 7
650 376 7
650 534 6
650 216 6
651 647 3
651 551 5
651 517 6
651 75 3
651 634 3
651 308 9
651 122 2
651 452 10
651 53 7
651 651 6
652 192 6
652 506 7
652 73 2
652 187 2
652 134 9
652 741 3
652 551 5
652 528 10
652 82 5
652 431 1
653 176 1
653 459 7
653 736 10
653 638 7
653 714 8
653 742 6
653 54 6
653 500 7
653 414 7
653 201 9
654 15 4
654 407 4
654 51 6
654 94 9
654 562 3
654 363 4
654 348 8
654 197 2
654 654 4
654 208 8
655 544 3
655 427 10
655 32 9
655 509 9
655 276 5
655 25 6
655 329 9
655 55 1
655 215 2
655 478 8
656 353 3
656 157 4
656 52 10
656 372 6
656 745 4
656 349 7
656 596 1
656 456 5
656 355 10
656 634 6
657 139 3
657 328 7
657 74 4
657 161 1
657 530 5
657 660 7
657 299 8
657 352 4
657 407 3
657 736 9
658 237 2
658 78 5
658 450 1
658 549 4
658 64 6
658 46 3
658 99 6
658 336 5
658 315 2
658 630 7
659 270 1
659 399 6
659 645 2
659 446 9
659 747 3
659 98 8
659 681 6
659 19 3
659 131 3
659 704 3
660 26 7
660 310 3
660 498 10
660 123 8
660 330 4
660 109 7
660 640 3
660 24 1
660 638 9
660 344 6
661 566 6
661 443 4
661 498 7
661 270 1
661 107 4
661 129 1
661 612 9
661 372 6
661 750 3
661 159 6
662 645 6
662 522 5
662 708 6
662 695 10
662 709 10
662 308 3
662 286 3
662 720 9
662 53 6
662 36 6
663 157 7
663 671 10
663 142 2
663 703 6
663 533 3
663 565 10
663 236 9
663 275 8
663 316 1
663 422 3
664 442 4
664 150 7
664 713 10
664 668 9
664 209 9
664 573 6
664 430 6
664 457 4
664 609 3
664 538 6
665 460 6
665 142 8
665 501 9
665 488 5
665 199 1
665 443 9
665 472 8
665 96 5
665 501 9
665 528 3
666 550 8
666 351 9
666 396 4
666 491 6
666 671 7
666 66 4
666 111 6
666 482 10
666 704 3
666 261 5
667 202 7
667 127 9
667 571 2
667 517 5
667 600 1
667 711 5
667 249 8
667 244 3
667 534 8
667 210 9
668 577 10
668 450 3
668 626 1
668 194 2
668 442 1
668 449 10
668 379 2
668 33 6
668 328 5
668 228 2
669 290 8
669 65 7
669 587 7
669 423 4
669 22 6
669 369 10
669 85 3
669 226 7
669 54 5
669 388 1
670 557 1
670 79 7
670 99 8
670 212 8
670 720 4
670 387 1
670 353 3
670 25 4
670 341 5
670 619 6
671 497 5
671 383 7
671 312 1
671 58 8
671 195 3
671 158 8
671 681 10
671 189 10
671 155 2
671 480 3
672 256 8
672 746 1
672 638 9
672 595 6
672 94 2
672 681 3
672 630 6
672 58 3
672 564 2
672 270 3
673 391 6
673 726 8
673 157 9
673 150 7
673 109 6
673 174 8
673 577 5
673 720 5
673 171 7
673 748 3
674 601 2
674 507 5
674 745 10
674 717 7
674 171 9
674 483 10
674 661 3
674 578 5
674 71 1
674 618 10
675 313 3
675 311 10
675 745 7
675 431 1
675 692 7
675 554 5
675 656 2
675 473 6
675 482 1
675 142 8
676 30 10
676 317 1
676 558 4
676 661 4
676 143 7
676 368 9
676 684 9
676 374 2
676 409 8
676 73 10
677 622 4
677 45 3
677 406 4
677 656 3
677 666 4
677 54 7
677 103 3
677 159 3
677 735 1
677 377 6
678 70 3
678 193 1
678 565 5
678 330 5
678 309 8
678 261 9
678 439 2
678 464 1
678 164 6
678 537 6
679 564 4
679 314 6
679 650 10
679 500 4
679 97 3
679 20 10
679 665 4
679 315 1
679 393 3
679 184 9
680 100 10
680 627 2
680 2 9
680 143 8
680 277 3
680 293 7
680 493 1
680 506 8
680 1 1
680 26 8
681 212 7
681 737 5
681 11 4
681 594 10
681 38 9
681 455 6
681 232 7
681 44 10
681 340 8
681 674 2
682 418 4
682 256 4
682 133 3
682 268 3
682 222 8
682 326 2
682 106 8
682 26 10
682 283 10
682 586 9
683 560 7
683 22 8
683 142 4
683 155 3
683 554 6
683 614 10
683 207 6
683 38 3
683 134 10
683 294 7
684 480 5
684 324 1
684 631 4
684 211 6
684 742 4
684 439 4
684 169 7
684 226 10
684 370 9
684 110 3
685 148 7
685 530 3
685 393 5
685 110 10
685 43 6
685 504 6
685 744 5
685 473 9
685 102 5
685 142 8
686 730 2
686 725 4
686 283 6
686 134 8
686 230 6
686 132 1
686 394 10
686 690 1
686 354 7
686 522 5
687 321 2
687 73 6
687 163 4
687 418 8
687 385 1
687 674 7
687 489 4
687 449 1
687 77 2
687 175 4
688 302 9
688 731 7
688 72 7
688 88 3
688 477 9
688 490 7
688 571 10
688 131 10
688 539 8
688 609 10
689 741 10
689 321 2
689 37 4
689 331 4
689 229 1
689 470 1
689 106 10
689 12 4
689 410 2
689 17 9
690 69 7
690 86 2
690 378 6
690 339 3
690 327 8
690 662 6
690 725 4
690 425 6
690 533 7
690 685 10
691 256 9
691 25 8
691 141 9
691 225 2
691 2 8
691 462 5
691 433 6
691 175 1
691 101 8
691 651 6
692 653 2
692 567 6
692 498 10
692 148 10
692 98 10
692 98 10
692 632 7
692 34 6
692 684 8
692 367 5
693 463 10
693 133 2
693 17 3
693 394 7
693 627 8
693 402 6
693 412 6
693 256 8
693 401 5
693 101 1
694 134 4
694 127 3
694 423 2
694 154 8
694 219 8
694 76 9
694 688 3
694 225 4
694 443 4
694 710 3
695 392 8
695 74 3
695 337 2
695 104 7
695 360 10
695 449 8
695 273 2
695 492 2
695 340 2
695 709 1
696 122 3
696 186 9
696 732 2
696 569 5
696 195 9
696 278 6
696 153 7
696 415 8
696 142 1
696 483 4
697 467 4
697 145 5
697 225 2
697 278 4
697 558 1
697 223 10
697 60 10
697 195 2
697 459 6
697 188 3
698 690 8
698 183 10
698 331 10
698 22 3
698 71 7
698 322 6
698 123 8
698 188 3
698 340 10
698 664 9
699 419 3
699 197 8
699 204 3
699 581 6
699 421 4
699 656 5
699 435 1
699 729 10
699 683 3
699 226 9
700 484 5
700 547 2
700 251 10
700 170 8
700 718 3
700 343 10
700 91 7
700 397 2
700 195 7
700 331 2
701 698 3
701 358 2
701 476 7
701 35 6
701 217 9
701 47 4
701 562 7
701 52 9
701 620 5
701 120 9
702 98 4
702 541 7
702 310 2
702 272 2
702 712 5
702 293 8
702 716 7
702 235 4
702 43 9
702 574 6
703 742 10
703 597 9
703 400 7
703 290 6
703 576 5
703 220 5
703 284 4
703 298 6
703 674 3
703 535 10
704 563 1
704 474 4
704 9 8
704 53 8
704 300 5
704 744 6
704 641 1
704 2 6
704 576 7
704 398 6
705 291 3
705 443 1
705 11 9
705 374 10
705 62 8
705 355 5
705 408 2
705 166 7
705 299 3
705 137 9
706 267 7
706 226 10
706 555 6
706 602 6
706 50 6
706 570 9
706 60 4
706 259 5
706 482 4
706 82 6
707 126 3
707 320 10
707 22 10
707 703 2
707 52 10
707 553 2
707 141 8
707 340 10
707 305 10
707 9 4
708 344 2
708 593 4
708 663 2
708 731 5
708 226 2
708 259 10
708 532 6
708 366 8
708 553 3
708 750 3
709 430 7
709 588 5
709 323 4
709 614 4
709 207 9
709 458 5
709 721 3
709 208 3
709 682 6
709 336 4
710 152 10
710 710 4
710 86 1
710 470 4
710 7 9
710 417 6
710 707 3
710 657 10
710 300 8
710 144 8
711 642 2
711 195 1
711 261 7
711 154 5
711 326 4
711 248 5
711 183 6
711 506 7
711 232 4
711 39 10
712 286 4
712 552 5
712 103 8
712 97 9
712 85 2
712 339 1
712 416 2
712 29 8
712 425 3
712 165 3
713 315 7
713 621 1
713 367 6
713 664 1
713 606 5
713 436 3
713 660 5
713 562 10
713 613 1
713 305 1
714 57 2
714 465 2
714 100 10
714 706 5
714 645 3
714 740 7
714 231 5
714 391 1
714 278 8
714 31 10
715 128 1
715 147 8
715 333 6
715 718 10
715 57 3
715 222 1
715 233 5
715 105 4
715 240 7
715 647 2
716 659 10
716 203 1
716 645 5
716 390 3
716 636 3
716 371 3
716 331 1
716 67 5
716 608 2
716 660 1
717 414 9
717 721 1
717 23 2
717 216 1
717 608 10
717 438 4
717 364 8
717 714 6
717 41 4
717 578 2
718 386 3
718 471 3
718 205 1
718 78 6
718 31 5
718 470 1
718 438 9
718 371 1
718 239 5
718 541 4
719 131 8
719 495 3
719 376 6
719 449 5
719 310 8
719 152 10
719 132 1
719 62 10
719 174 10
719 91 8
720 741 1
720 158 4
720 606 1
720 320 4
720 653 3
720 261 9
720 428 9
720 253 10
720 1 4
720 58 6
721 473 10
721 749 5
721 187 7
721 288 8
721 207 4
721 144 3
721 393 8
721 381 7
721 516 6
721 674 8
722 297 7
722 234 6
722 102 7
722 14 4
722 688 7
722 232 2
722 448 8
722 317 8
722 149 9
722 523 5
723 342 5
723 493 8
723 739 9
723 223 3
723 614 2
723 74 7
723 31 6
723 315 5
723 639 5
723 545 6
724 197 5
724 37 1
724 351 10
724 117 9
724 17 7
724 717 10
724 460 6
724 219 5
724 678 9
724 603 7
725 616 8
725 706 4
725 337 3
725 693 10
725 255 8
725 188 2
725 703 7
725 283 1
725 131 7
725 682 10
726 107 7
726 133 2
726 98 7
726 633 8
726 157 4
726 136 6
726 175 5
726 502 4
726 377 1
726 74 3
727 608 8
727 421 7
727 579 10
727 210 10
727 658 7
727 134 4
727 421 7
727 234 5
727 517 2
727 93 8
728 396 7
728 555 6
728 114 4
728 720 6
728 620 2
728 327 1
728 391 9
728 91 2
728 432 8
728 174 10
729 386 10
729 243 2
729 514 3
729 447 6
729 606 3
729 212 10
729 343 8
729 68 2
729 486 6
729 423 6
730 335 8
730 422 9
730 707 7
730 509 7
730 208 1
730 65 2
730 522 1
730 97 2
730 394 4
730 714 2
731 452 9
731 698 9
731 5 3
731 396 10
731 567 6
731 151 6
731 488 5
731 665 3
731 419 9
731 321 3
732 545 8
732 667 7
732 61 5
732 131 6
732 199 6
732 520 10
732 339 8
732 444 5
732 140 1
732 417 2
733 636 10
733 264 9
733 536 3
733 304 2
733 163 4
733 560 1
733 388 3
733 596 8
733 183 2
733 550 2
734 704 5
734 478 5
734 323 3
734 171 7
734 504 10
734 380 4
734 262 1
734 746 1
734 667 7
734 522 8
735 465 10
735 380 6
735 611 2
735 115 8
735 670 2
735 119 2
735 446 4
735 87 5
735 153 5
735 485 8
736 449 9
736 478 9
736 246 1
736 616 7
736 643 1
736 67 5
736 713 9
736 520 1
736 6 9
736 651 8
737 242 9
737 629 2
737 127 2
737 428 6
737 720 2
737 464 2
737 331 2
737 18 8
737 25 3
737 239 4
738 398 8
738 538 5
738 675 2
738 317 3
738 632 10
738 191 2
738 476 6
738 182 9
738 99 8
738 420 9
739 219 7
739 111 6
739 320 3
739 516 6
739 539 7
739 489 8
739 501 4
739 618 7
739 208 9
739 706 6
740 541 8
740 273 4
740 131 7
740 370 1
740 729 4
740 254 9
740 744 3
740 475 7
740 388 6
740 231 10
741 637 1
741 571 3
741 460 1
741 42 3
741 666 8
741 505 6
741 168 2
741 357 7
741 504 8
741 341 7
742 717 6
742 546 9
742 435 9
742 200 4
742 419 7
742 622 4
742 101 8
742 172 7
742 698 7
742 185 7
743 358 3
743 334 10
743 741 5
743 549 4
743 588 9
743 724 9
743 142 8
743 320 7
743 26 4
743 698 8
744 463 1
744 476 4
744 726 10
744 31 10
744 101 5
744 384 10
744 61 6
744 373 7
744 268 7
744 261 10
745 18 10
745 694 2
745 399 10
745 738 3
745 225 5
745 225 5
745 677 3
745 479 1
745 90 10
745 573 5
746 370 2
746 553 9
746 227 9
746 155 2
746 310 9
746 667 7
746 600 6
746 57 5
746 96 3
746 423 9
747 248 9
747 515 3
747 39 7
747 224 7
747 287 9
747 190 4
747 479 4
747 690 3
747 49 10
747 156 5
748 715 9
748 702 1
748 689 5
748 194 4
748 259 10
748 233 2
748 391 6
748 685 8
748 187 5
748 113 6
749 7 5
749 685 5
749 169 9
749 313 5
749 660 7
749 381 4
749 45 6
749 142 7
749 509 8
749 118 6
750 155 8
750 200 7
750 39 9
750 737 3
750 477 8
750 31 7
750 650 5
750 179 8
750 575 9
750 461 7
