100
1 70 6
1 6 2
1 85 6
1 52 2
1 83 6
1 84 4
1 17 7
1 40 10
1 90 1
1 88 3
2 32 1
2 68 7
2 66 4
2 93 7
2 90 7
2 89 3
2 86 8
2 56 8
2 68 7
2 1 9
3 6 5
3 54 7
3 61 10
3 64 10
3 23 6
3 72 1
3 19 7
3 90 5
3 92 9
3 13 5
4 45 7
4 79 2
4 55 2
4 66 2
4 23 4
4 74 3
4 59 8
4 6 7
4 49 8
4 49 8
5 65 5
5 96 4
5 98 1
5 86 7
5 19 6
5 27 5
5 19 6
5 79 10
5 14 1
5 31 1
6 47 4
6 9 8
6 89 3
6 48 7
6 49 7
6 85 5
6 41 8
6 1 1
6 92 5
6 37 7
7 5 2
7 97 9
7 32 2
7 99 4
7 27 5
7 69 7
7 42 6
7 45 5
7 61 5
7 68 2
8 89 4
8 83 3
8 46 7
8 7 3
8 5 5
8 97 6
8 40 6
8 12 2
8 7 3
8 36 3
9 44 3
9 8 4
9 60 4
9 76 10
9 8 4
9 20 4
9 90 7
9 93 10
9 51 5
9 1 1
10 51 5
10 66 10
10 45 6
10 18 10
10 91 1
10 72 10
10 97 2
10 8 2
10 67 6
10 4 10
11 53 6
11 96 6
11 73 9
11 28 7
11 60 9
11 99 10
11 68 4
11 89 3
11 50 7
11 50 7
12 81 2
12 20 1
12 57 6
12 16 6
12 51 9
12 54 8
12 29 2
12 67 5
12 1 5
12 53 7
13 63 9
13 9 1
13 90 1
13 65 8
13 62 2
13 74 8
13 54 9
13 25 2
13 46 4
13 11 9
14 70 4
14 54 10
14 77 6
14 88 7
14 13 9
14 29 2
14 94 4
14 89 6
14 76 9
14 56 2
15 91 2
15 82 2
15 34 3
15 49 3
15 72 2
15 64 2
15 71 10
15 64 2
15 62 10
15 79 4
16 21 9
16 3 8
16 23 6
16 53 2
16 33 5
16 55 2
16 24 5
16 30 1
16 92 3
16 81 9
17 45 3
17 77 3
17 17 9
17 70 4
17 31 6
17 70 4
17 69 2
17 23 5
17 16 9
17 99 5
18 13 3
18 17 6
18 1 8
18 9 8
18 80 6
18 44 4
18 32 4
18 89 2
18 91 9
18 61 7
19 29 8
19 31 7
19 90 6
19 75 8
19 84 1
19 69 4
19 22 10
19 67 9
19 19 9
19 64 1
20 41 5
20 82 5
20 64 5
20 59 7
20 18 5
20 20 3
20 57 7
20 52 4
20 44 4
20 68 8
21 59 10
21 6 5
21 84 8
21 79 5
21 54 10
21 93 3
21 60 8
21 95 3
21 37 9
21 20 8
22 76 8
22 55 4
22 40 1
22 63 5
22 12 5
22 52 7
22 12 5
22 28 2
22 89 5
22 99 10
23 12 3
23 85 3
23 64 4
23 75 9
23 61 2
23 19 9
23 54 3
23 25 5
23 47 4
23 61 2
24 29 2
24 57 9
24 4 5
24 97 2
24 95 7
24 7 3
24 67 1
24 34 5
24 3 2
24 33 2
25 83 7
25 47 3
25 1 5
25 25 10
25 62 7
25 90 6
25 15 3
25 83 7
25 61 2
25 29 9
26 71 6
26 15 4
26 78 10
26 85 4
26 26 7
26 15 4
26 79 3
26 38 1
26 32 8
26 69 6
27 82 4
27 71 1
27 62 6
27 42 8
27 96 10
27 78 6
27 32 1
27 19 2
27 47 10
27 5 9
28 28 6
28 84 4
28 6 4
28 81 10
28 1 6
28 32 9
28 31 4
28 6 4
28 94 5
28 98 5
29 32 4
29 89 9
29 94 7
29 81 2
29 53 1
29 93 1
29 68 8
29 88 6
29 2 10
29 54 2
30 81 10
30 46 9
30 77 8
30 47 8
30 64 2
30 51 3
30 5 7
30 98 2
30 17 8
30 12 7
31 39 3
31 3 4
31 86 7
31 58 7
31 31 5
31 50 10
31 92 4
31 39 3
31 97 9
31 74 3
32 100 2
32 38 3
32 53 4
32 74 8
32 82 3
32 42 3
32 59 5
32 61 2
32 5 7
32 70 8
33 64 6
33 89 5
33 9 2
33 74 4
33 2 5
33 7 3
33 65 7
33 47 10
33 85 3
33 49 9
34 49 5
34 48 5
34 76 2
34 43 9
34 45 8
34 17 6
34 8 5
34 50 3
34 47 7
34 74 3
35 52 6
35 56 6
35 86 5
35 34 9
35 26 2
35 15 2
35 44 9
35 26 2
35 30 6
35 9 3
36 100 5
36 18 7
36 88 5
36 35 10
36 18 7
36 48 10
36 88 5
36 100 5
36 6 4
36 2 2
37 24 4
37 2 1
37 65 8
37 23 8
37 73 10
37 62 8
37 60 4
37 85 2
37 36 2
37 86 8
38 89 4
38 45 1
38 20 2
38 96 8
38 7 1
38 25 10
38 68 5
38 14 10
38 83 2
38 47 6
39 85 7
39 72 3
39 93 3
39 100 10
39 38 4
39 43 2
39 11 2
39 42 9
39 20 10
39 80 8
40 31 5
40 26 7
40 57 1
40 75 4
40 9 10
40 1 1
40 26 7
40 80 6
40 60 3
40 92 10
41 51 10
41 6 8
41 34 8
41 1 7
41 14 5
41 55 4
41 14 5
41 78 10
41 39 5
41 39 5
42 47 7
42 66 2
42 39 2
42 1 9
42 22 5
42 24 6
42 33 3
42 42 6
42 3 5
42 10 3
43 68 9
43 10 10
43 54 8
43 23 8
43 100 6
43 39 2
43 89 8
43 66 9
43 63 2
43 1 1
44 7 8
44 3 7
44 49 2
44 4 8
44 42 9
44 47 8
44 5 2
44 30 10
44 26 3
44 60 1
45 74 4
45 57 6
45 39 9
45 5 2
45 96 5
45 65 8
45 62 7
45 26 9
45 15 1
45 17 5
46 57 8
46 28 3
46 35 8
46 29 9
46 18 6
46 39 8
46 79 5
46 71 5
46 20 1
46 81 7
47 95 6
47 28 3
47 53 5
47 83 10
47 99 3
47 73 9
47 84 2
47 49 3
47 53 5
47 92 4
48 33 3
48 48 9
48 3 3
48 75 3
48 2 2
48 10 4
48 6 3
48 61 8
48 20 5
48 22 4
49 38 10
49 37 10
49 95 4
49 79 5
49 6 6
49 11 7
49 91 7
49 83 1
49 8 1
49 84 3
50 20 1
50 64 8
50 46 4
50 33 3
50 34 1
50 94 9
50 90 1
50 26 6
50 3 7
50 35 7
51 90 6
51 10 5
51 5 3
51 72 5
51 79 7
51 71 5
51 49 6
51 95 5
51 79 7
51 12 8
52 29 10
52 51 6
52 33 10
52 33 10
52 11 1
52 64 5
52 77 7
52 8 10
52 25 10
52 72 7
53 74 2
53 32 1
53 7 1
53 39 9
53 59 1
53 44 7
53 83 3
53 55 1
53 67 1
53 91 2
54 21 3
54 57 10
54 16 2
54 37 1
54 100 10
54 84 6
54 46 2
54 65 1
54 6 5
54 56 4
55 24 10
55 22 4
55 14 6
55 90 6
55 46 5
55 23 2
55 8 10
55 23 2
55 72 6
55 8 10
56 70 1
56 28 4
56 87 2
56 30 1
56 46 1
56 82 1
56 63 9
56 92 4
56 39 5
56 90 4
57 51 8
57 47 7
57 11 3
57 16 9
57 40 4
57 83 1
57 10 1
57 55 5
57 35 3
57 74 3
58 41 10
58 3 6
58 43 4
58 58 2
58 32 8
58 60 4
58 66 7
58 59 2
58 51 3
58 42 4
59 97 4
59 55 10
59 72 10
59 4 5
59 2 9
59 7 3
59 35 5
59 77 4
59 8 1
59 64 2
60 42 7
60 69 8
60 2 5
60 13 10
60 67 9
60 34 10
60 96 4
60 35 6
60 95 10
60 56 8
61 91 5
61 96 6
61 79 10
61 19 10
61 17 2
61 34 6
61 100 7
61 21 7
61 49 8
61 82 5
62 80 5
62 88 3
62 86 5
62 66 3
62 19 3
62 45 9
62 89 6
62 30 1
62 85 4
62 75 8
63 69 3
63 80 3
63 54 6
63 84 1
63 51 2
63 82 9
63 78 6
63 2 2
63 37 2
63 12 4
64 54 9
64 46 9
64 59 4
64 75 5
64 14 4
64 95 8
64 57 9
64 46 9
64 89 2
64 12 8
65 83 10
65 35 5
65 95 6
65 42 9
65 78 7
65 46 10
65 41 2
65 68 2
65 3 8
65 7 8
66 62 6
66 95 6
66 51 6
66 58 1
66 75 10
66 51 6
66 71 3
66 61 4
66 10 3
66 9 5
67 7 9
67 23 2
67 100 4
67 88 8
67 83 7
67 79 9
67 94 4
67 53 2
67 90 9
67 23 2
68 15 5
68 98 7
68 43 10
68 92 3
68 44 7
68 42 10
68 42 10
68 98 7
68 21 3
68 93 3
69 97 3
69 87 10
69 38 9
69 83 1
69 11 9
69 64 1
69 82 10
69 34 6
69 22 8
69 8 8
70 34 7
70 16 10
70 83 2
70 72 5
70 54 7
70 30 7
70 69 9
70 93 5
70 8 6
70 23 5
71 91 3
71 45 10
71 57 4
71 89 10
71 29 4
71 48 6
71 58 10
71 22 2
71 32 3
71 10 10
72 36 8
72 42 7
72 94 1
72 72 5
72 69 2
72 30 9
72 59 3
72 51 2
72 25 8
72 79 4
73 74 8
73 77 10
73 67 5
73 4 9
73 65 10
73 89 8
73 15 8
73 96 3
73 87 6
73 65 10
74 49 4
74 38 1
74 81 2
74 59 8
74 39 4
74 87 3
74 79 3
74 50 10
74 57 2
74 20 4
75 96 6
75 61 10
75 84 2
75 98 4
75 68 10
75 81 4
75 18 3
75 46 9
75 35 7
75 70 6
76 36 8
76 21 6
76 31 1
76 80 9
76 10 7
76 23 10
76 19 4
76 100 1
76 19 4
76 30 9
77 81 6
77 24 1
77 29 6
77 3 4
77 83 1
77 73 1
77 97 7
77 82 2
77 80 9
77 1 2
78 4 5
78 31 7
78 61 1
78 20 2
78 39 8
78 6 5
78 2 1
78 65 6
78 65 6
78 17 9
79 80 2
79 67 1
79 18 6
79 66 6
79 55 2
79 55 2
79 83 6
79 8 4
79 72 1
79 33 1
80 82 3
80 13 10
80 44 10
80 27 8
80 93 8
80 11 4
80 28 1
80 46 2
80 75 4
80 18 5
81 49 4
81 47 4
81 22 10
81 55 8
81 8 7
81 22 10
81 37 6
81 52 1
81 1 10
81 3 4
82 22 6
82 29 7
82 70 7
82 68 10
82 17 7
82 73 2
82 43 3
82 20 4
82 33 5
82 46 2
83 61 5
83 94 3
83 35 1
83 73 5
83 44 7
83 24 2
83 87 10
83 24 2
83 60 5
83 48 9
84 64 9
84 30 10
84 90 4
84 72 8
84 30 10
84 40 7
84 97 4
84 80 2
84 42 6
84 36 6
85 87 6
85 74 6
85 83 3
85 79 10
85 76 7
85 27 1
85 58 2
85 69 8
85 23 10
85 22 4
86 21 9
86 80 4
86 45 3
86 68 8
86 11 2
86 60 3
86 92 3
86 32 4
86 80 4
86 6 7
87 99 4
87 30 1
87 62 7
87 57 6
87 99 4
87 31 1
87 82 3
87 17 8
87 44 5
87 1 2
88 12 3
88 72 8
88 73 6
88 32 8
88 59 3
88 69 10
88 56 2
88 62 7
88 100 10
88 52 3
89 29 9
89 19 4
89 73 1
89 14 6
89 43 3
89 40 2
89 6 6
89 27 3
89 97 6
89 53 1
90 81 5
90 30 1
90 83 9
90 58 8
90 61 7
90 31 1
90 57 8
90 78 4
90 13 1
90 37 2
91 99 4
91 84 10
91 33 10
91 30 8
91 54 6
91 96 6
91 75 1
91 98 4
91 20 2
91 88 10
92 63 9
92 22 2
92 75 8
92 29 3
92 54 5
92 78 5
92 5 9
92 26 5
92 21 5
92 19 1
93 64 9
93 49 4
93 78 5
93 94 5
93 22 1
93 50 5
93 15 5
93 8 6
93 3 3
93 34 3
94 86 7
94 21 8
94 46 8
94 14 5
94 91 5
94 95 6
94 39 9
94 71 7
94 32 6
94 34 4
95 58 5
95 39 4
95 50 7
95 80 1
95 15 8
95 12 7
95 81 7
95 21 8
95 71 8
95 74 10
96 15 8
96 87 4
96 69 5
96 88 2
96 22 3
96 86 1
96 81 9
96 43 10
96 38 6
96 1 4
97 32 10
97 57 6
97 83 4
97 15 1
97 86 10
97 89 1
97 96 8
97 7 1
97 73 4
97 26 3
98 93 9
98 89 3
98 66 6
98 77 5
98 65 4
98 80 6
98 7 7
98 76 10
98 76 10
98 28 4
99 90 9
99 9 6
99 25 7
99 81 1
99 49 7
99 61 8
99 50 8
99 91 8
99 64 10
99 21 3
100 89 10
100 53 8
100 65 9
100 95 7
100 66 8
100 78 7
100 31 2
100 21 10
100 8 8
100 88 1
