20
1 16 10
1 10 4
1 20 8
1 16 10
1 19 9
1 19 9
1 2 8
1 9 10
1 9 10
1 7 4
2 13 2
2 16 9
2 10 7
2 4 10
2 1 7
2 15 5
2 10 7
2 9 9
2 13 2
2 6 7
3 1 7
3 3 2
3 3 2
3 20 1
3 20 1
3 11 8
3 11 8
3 19 8
3 10 10
3 14 8
4 12 1
4 6 8
4 5 10
4 8 4
4 3 3
4 5 10
4 20 3
4 20 3
4 1 3
4 19 8
5 2 4
5 4 2
5 18 6
5 2 4
5 11 9
5 3 4
5 15 3
5 13 3
5 2 4
5 3 4
6 3 2
6 10 3
6 8 6
6 2 8
6 11 1
6 8 6
6 17 7
6 9 1
6 16 10
6 16 10
7 9 10
7 2 4
7 12 4
7 1 8
7 9 10
7 10 6
7 9 10
7 4 10
7 1 8
7 7 6
8 16 1
8 2 3
8 19 9
8 5 4
8 9 1
8 3 9
8 15 8
8 8 4
8 2 3
8 9 1
9 7 10
9 17 6
9 16 4
9 10 3
9 6 9
9 14 4
9 9 3
9 2 3
9 13 9
9 10 3
10 1 10
10 9 2
10 7 9
10 12 1
10 20 10
10 10 7
10 13 5
10 14 5
10 2 9
10 19 6
11 17 2
11 19 5
11 4 1
11 1 3
11 1 3
11 19 5
11 17 2
11 7 9
11 19 5
11 9 2
12 12 7
12 11 4
12 5 3
12 9 2
12 20 1
12 10 4
12 6 4
12 7 6
12 6 4
12 15 7
13 2 4
13 6 4
13 1 6
13 5 3
13 19 5
13 4 3
13 19 5
13 16 8
13 6 4
13 12 2
14 17 3
14 8 9
14 10 6
14 1 10
14 18 9
14 1 10
14 8 9
14 4 2
14 12 10
14 19 3
15 6 5
15 9 4
15 19 3
15 17 9
15 7 9
15 2 8
15 1 4
15 4 9
15 5 8
15 3 2
16 1 8
16 13 3
16 18 1
16 5 8
16 18 1
16 20 5
16 1 8
16 6 6
16 12 9
16 12 9
17 16 4
17 14 6
17 18 10
17 4 9
17 12 7
17 18 10
17 5 2
17 9 1
17 2 10
17 20 9
18 5 7
18 19 10
18 8 1
18 19 10
18 3 2
18 10 10
18 11 3
18 17 9
18 5 7
18 3 2
19 18 9
19 20 3
19 5 5
19 4 8
19 3 6
19 7 3
19 20 3
19 5 5
19 11 3
19 1 5
20 17 7
20 8 1
20 18 10
20 20 9
20 16 10
20 5 10
20 4 1
20 19 6
20 6 8
20 20 9
