50
1 40 4
1 27 1
1 20 7
1 48 4
1 30 1
1 22 2
1 27 1
1 36 9
1 45 2
1 2 2
2 36 9
2 45 2
2 3 4
2 35 1
2 44 8
2 26 1
2 50 10
2 15 5
2 34 7
2 26 1
3 9 5
3 6 4
3 18 1
3 49 3
3 9 5
3 48 9
3 2 6
3 17 9
3 27 4
3 19 2
4 17 6
4 32 9
4 38 8
4 41 5
4 41 5
4 36 9
4 42 2
4 14 8
4 36 9
4 14 8
5 30 10
5 15 1
5 27 9
5 12 7
5 21 8
5 23 4
5 41 4
5 22 7
5 39 3
5 20 9
6 2 10
6 3 7
6 34 5
6 3 7
6 8 6
6 39 3
6 46 1
6 11 4
6 4 4
6 17 8
7 23 3
7 2 9
7 50 9
7 20 5
7 27 5
7 8 9
7 2 9
7 42 7
7 23 3
7 2 9
8 28 5
8 1 4
8 46 2
8 16 5
8 38 10
8 37 4
8 29 10
8 3 9
8 24 1
8 20 4
9 50 7
9 42 4
9 35 4
9 12 7
9 41 4
9 12 7
9 30 6
9 11 2
9 33 6
9 49 5
10 19 2
10 12 6
10 25 10
10 6 8
10 11 2
10 16 7
10 18 9
10 3 1
10 7 3
10 11 2
11 43 10
11 35 10
11 26 9
11 43 10
11 18 7
11 47 5
11 31 4
11 32 7
11 40 7
11 24 2
12 35 8
12 10 4
12 42 7
12 40 9
12 12 2
12 35 8
12 15 10
12 18 5
12 20 5
12 40 9
13 31 7
13 34 7
13 19 5
13 30 7
13 24 4
13 34 7
13 16 9
13 23 9
13 37 5
13 44 1
14 41 4
14 15 8
14 48 3
14 3 9
14 10 3
14 3 9
14 33 7
14 50 7
14 47 1
14 3 9
15 46 4
15 1 7
15 20 10
15 40 5
15 10 3
15 43 6
15 44 2
15 39 5
15 47 2
15 22 6
16 36 7
16 22 1
16 40 2
16 42 3
16 44 4
16 12 9
16 8 7
16 30 10
16 20 9
16 49 9
17 31 10
17 9 5
17 25 4
17 19 7
17 15 7
17 46 2
17 33 10
17 40 7
17 6 10
17 46 2
18 25 10
18 49 2
18 43 2
18 33 10
18 6 9
18 23 10
18 12 7
18 18 4
18 8 3
18 25 10
19 22 7
19 42 10
19 1 10
19 45 10
19 26 6
19 2 9
19 45 10
19 8 9
19 36 10
19 29 8
20 36 4
20 48 1
20 37 3
20 40 10
20 25 6
20 42 9
20 11 4
20 31 8
20 8 9
20 29 2
21 23 10
21 15 9
21 26 10
21 15 9
21 42 7
21 10 8
21 42 7
21 10 8
21 37 10
21 32 4
22 15 6
22 28 9
22 38 5
22 35 1
22 27 5
22 6 1
22 17 2
22 37 3
22 22 5
22 9 9
23 10 7
23 11 1
23 47 1
23 43 7
23 13 6
23 4 7
23 3 5
23 42 4
23 17 5
23 40 9
24 4 8
24 26 10
24 21 1
24 27 3
24 5 3
24 25 4
24 21 1
24 46 7
24 23 5
24 39 3
25 7 6
25 11 7
25 41 9
25 41 9
25 43 10
25 7 6
25 24 6
25 48 8
25 41 9
25 50 2
26 30 2
26 28 6
26 21 2
26 5 5
26 41 9
26 27 2
26 34 5
26 31 8
26 8 1
26 21 2
27 41 10
27 15 10
27 15 10
27 32 3
27 8 4
27 27 10
27 22 2
27 40 3
27 6 4
27 3 3
28 44 7
28 8 7
28 37 10
28 24 9
28 2 1
28 5 10
28 11 7
28 11 7
28 42 3
28 49 3
29 7 6
29 24 7
29 48 8
29 9 7
29 18 8
29 32 5
29 33 6
29 5 2
29 49 2
29 33 6
30 16 5
30 25 3
30 37 3
30 49 3
30 40 3
30 44 1
30 30 1
30 26 1
30 15 5
30 23 7
31 24 9
31 33 3
31 41 4
31 32 7
31 29 6
31 25 2
31 16 3
31 29 6
31 40 4
31 9 8
32 43 10
32 37 6
32 11 5
32 36 4
32 14 5
32 42 3
32 2 9
32 9 8
32 49 8
32 29 10
33 45 2
33 5 6
33 2 5
33 13 3
33 37 1
33 6 5
33 48 5
33 14 9
33 18 3
33 31 6
34 31 1
34 17 8
34 3 8
34 6 1
34 17 8
34 15 1
34 46 7
34 14 7
34 43 8
34 19 6
35 8 10
35 32 4
35 5 8
35 32 4
35 9 3
35 45 6
35 27 8
35 18 8
35 38 2
35 4 1
36 18 4
36 50 5
36 10 3
36 4 2
36 22 3
36 42 9
36 45 2
36 37 5
36 19 5
36 7 1
37 47 1
37 41 2
37 21 7
37 12 7
37 12 7
37 1 8
37 50 7
37 8 10
37 34 8
37 38 2
38 26 5
38 48 2
38 50 10
38 2 7
38 6 6
38 28 2
38 37 7
38 9 3
38 9 3
38 15 4
39 1 2
39 26 2
39 22 1
39 31 2
39 6 1
39 50 10
39 49 2
39 37 1
39 46 8
39 28 8
40 22 7
40 21 5
40 10 4
40 33 5
40 17 4
40 1 9
40 47 4
40 46 8
40 21 5
40 30 4
41 27 10
41 8 2
41 44 9
41 16 4
41 18 4
41 5 3
41 3 6
41 4 4
41 30 10
41 50 3
42 29 7
42 6 10
42 14 4
42 28 6
42 32 4
42 7 5
42 1 7
42 45 5
42 12 6
42 48 5
43 38 3
43 40 3
43 7 3
43 14 9
43 1 3
43 7 3
43 49 2
43 45 3
43 35 2
43 24 3
44 20 8
44 30 8
44 26 1
44 47 6
44 6 3
44 37 7
44 19 9
44 50 3
44 18 10
44 33 5
45 16 4
45 50 5
45 12 3
45 24 10
45 15 1
45 39 4
45 39 4
45 47 10
45 34 4
45 41 5
46 4 9
46 43 1
46 37 5
46 19 6
46 1 7
46 35 10
46 36 4
46 3 4
46 21 8
46 27 8
47 28 5
47 35 10
47 34 3
47 7 2
47 40 8
47 42 8
47 16 5
47 23 7
47 22 7
47 24 8
48 17 3
48 23 1
48 45 1
48 9 8
48 34 1
48 22 9
48 49 3
48 29 8
48 1 5
48 21 4
49 33 8
49 44 5
49 46 9
49 12 2
49 35 2
49 7 8
49 42 3
49 31 9
49 28 10
49 17 1
50 19 4
50 11 9
50 41 4
50 45 6
50 4 1
50 8 3
50 40 3
50 6 6
50 50 10
50 33 3
